11,16;17,34;24,39;26,28;30,50;39,42;49,65;53,59;58,72;67,68;75,91;84,89;88,92;95,98;97,107
50,68;55,67;65,69;75,89;82,85;85,90;87,103;91,98;99,102;102,122
32,46;33,34;38,40;42,54;45,46;50,55;51,62;56,67;60,77;70,77;71,81
12,20;14,23;19,23;28,48;38,50;42,59;43,63;51,55;59,69;61,77;65,76;70,71
7,25;14,17;24,30;34,37;44,45;52,59;57,76;64,83;68,82;74,78;78,93;85,101;89,98;95,115;100,105
15,25;21,37;27,32;34,42;40,56;41,48;43,57;50,63;54,60;56,65;65,72;68,81
32,48;41,60;51,70;61,68;66,86;71,90;77,85;87,91;96,112;97,108;103,123
13,16;14,33;20,24;21,28;30,31;40,41
5,21;15,34;20,36;25,32;32,33;42,47;45,50;49,56;51,70;57,60;63,73;71,76;81,85
36,41;37,50;46,51;54,64;60,72;70,85;78,94;83,102;91,106;95,112;105,106;106,111;107,120
21,37;31,43;37,56;39,48;45,50;53,54
1,8;7,26;11,26;13,32;23,33;28,47;38,48;40,47;45,52;55,56;65,83;70,84;71,84;74,84;76,87
2,3;8,19;11,28;18,30;28,48
15,23;17,35;20,25;21,31;26,44;35,44;38,41;42,50;44,59;47,58;55,61;62,76
1,3;2,17;7,20;17,28;24,25;33,42;35,37;41,43;46,59;55,66;60,78;64,71;70,87
6,14;14,33;15,30;22,32;27,39
1,7;10,27;13,16;18,36;19,26;28,44;37,42;43,61;50,66;52,60;58,69
34,47;35,41;41,56;44,51;48,67;51,58;54,57;56,64;61,73;71,75;78,94;88,94;89,91;93,108;99,114
30,41;37,57;44,47;45,53;55,57;59,62;63,74;64,66;71,78;78,83;79,93;89,107;96,109;97,103;103,123
19,37;29,49;38,52;45,47;53,56;55,62;57,62;60,77;69,70;74,77
32,34;37,49;44,52;45,61;50,57;55,74;61,77;69,82;76,96;82,101;91,100;92,97;101,103
19,35;27,34;30,36;31,39;41,60;48,60;52,55
2,6;10,16;17,20;19,28;25,41
49,68;54,60;55,59;62,72;72,79;76,95;81,100
7,18;15,30;18,27;23,27;24,33;34,54;41,61;44,48;54,64;64,73;67,83;69,88;73,93;79,88;85,91
19,29;21,39;23,42;28,29;34,40;42,51;43,52;50,61;59,63;65,83;69,80;75,86;78,85;85,103
37,54;43,52;49,64;58,59;63,75;66,71;76,93;79,88;86,88;91,106;100,120
24,30;25,28;29,44;36,40;44,50
10,23;18,35;19,32;21,32;31,42
1,7;9,14;15,29;22,24;26,31;28,31;32,41
48,66;49,67;57,71;63,83;70,83;79,86
38,58;46,58;54,73;57,58;63,67;72,76
33,53;36,55;41,60;51,66;53,65;57,66;65,68;67,76
3,22;13,15;23,42;29,40;33,43;41,56;51,56;61,80;70,90
17,30;25,40;31,39;37,55;42,46;47,48;57,71;67,70;71,91;76,89;85,99;92,98;99,100;105,123;112,114
9,28;19,36;29,48;33,34;34,40;40,47;43,63;48,63
14,20;24,43;31,49;39,57;44,53;45,58;55,56;59,68
3,7;6,26;12,25;19,20;25,26;29,47;36,56;45,59;52,55;59,66;66,73;71,91;72,75;75,78
12,20;18,27;20,35;25,38;32,49
5,16;9,17;11,26;18,34;19,21;26,36;32,42;38,58;40,56;44,48
6,12;11,31;12,22;20,21;30,33;34,41;37,43;44,52;53,68
28,33;33,40;36,41;43,54;44,62;46,62;50,60;57,77
11,26;20,25;30,40;36,56;39,48;42,47;46,53;48,52;52,58;54,60
46,47;54,55;58,60;61,71;64,74
36,54;37,39;42,53;43,58;50,61;55,66
34,36;35,40;45,47;49,68;53,63;54,55
13,23;22,25;29,32;39,49;44,56;49,50;50,55;60,75;69,70;71,85;79,90;80,87;89,108
1,11;8,13;13,20;21,32;25,44;32,50;39,43;42,52
37,54;41,56;51,52;53,55;55,70;64,76;73,76
25,39;26,41;34,42;41,47;48,66;55,73;58,65;66,81;75,78;85,97;86,89
37,47;43,63;53,67;62,72;71,82;78,98
0,2;9,11;19,21;24,31;29,30;36,38;41,43
5,22;12,15;19,38;29,42;31,35;39,42;40,50;46,61;48,59;54,59
18,25;25,26;28,36;34,50;42,45;48,62;55,58
30,40;34,45;36,52;39,57;48,56;52,56;61,76;67,73;72,73;82,97;89,95;90,100;97,115
40,48;50,51;51,65;58,59;62,75;68,70;71,81;72,87
48,66;51,58;58,62;61,78;65,66;75,77;84,102;87,94;92,110;100,107;102,108;110,112
5,11;15,18;24,29;26,45;32,51;40,54;42,58;52,66;55,71;57,61;59,67;69,74;78,92;87,89;96,107
26,39;28,32;32,33;36,47;45,59;47,65;57,62;64,67;71,87;76,94;81,88;88,107;92,105
28,40;30,41;35,46;36,45;40,59;41,61;45,55;53,64;59,61;68,88
24,29;26,30;31,37;38,54;45,63;48,68;58,74;59,65;62,65;70,75;74,79;75,84;80,99;90,109
26,30;34,38;42,49;52,58;60,71;64,79;66,76;76,77;84,99
21,40;30,46;36,40;41,46;48,50;56,66;57,74;67,76;73,79;82,95
24,33;33,46;38,54;45,61;54,60;63,83;68,70;70,89;78,88;84,101;87,90;90,92
18,37;20,32;28,31;31,50;32,51;39,46;40,46;48,56
17,24;19,27;26,45;28,47;31,51;35,48;45,64;50,61;60,73;69,72;71,78
31,40;36,55;43,57;49,51;55,67;60,72;65,80;70,81;77,84
30,38;40,49;41,51;43,52;53,73
39,47;46,54;52,59;56,71;62,63;69,81;78,91;83,103;86,96;89,90;91,104;98,109
39,57;48,51;55,63;57,64;66,86;69,89;79,89;83,103;88,90;98,109;99,110
27,43;29,36;32,43;34,48;44,54;49,53;50,51
41,45;42,57;46,54;48,59;55,57;62,73
45,63;52,71;56,73;66,75;72,89;73,74;75,79;81,101;91,92;93,103;99,116;109,113;114,124
0,19;6,22;11,22;13,27;19,24
41,45;50,51;56,72;57,71;58,60;68,71;77,83;80,88;82,100;89,107;91,106;98,116;100,108;105,125;109,115
38,56;39,51;41,52;44,59;52,55;57,58;62,79;67,75;75,94;79,92;81,98;86,89;91,100;96,98
39,43;40,45;48,60;57,64;67,69;73,86;76,82;83,99;86,100;91,94;96,97;97,116;106,108;115,117;120,139
30,43;35,39;39,44;49,59;55,69;65,83;72,86;74,85;84,97;94,97;104,118;106,123;112,128;120,125;130,144
27,40;28,44;30,44;40,53;50,52;59,67;67,80;75,94;84,104;92,112
31,35;39,47;47,54;52,72;61,78;64,65;69,83;78,93;85,95;87,90;88,98;95,102
32,33;39,44;46,49;49,57;55,61;59,69;61,73;67,71;75,95;79,97;88,94;97,98;105,122;111,124;117,123
22,36;31,49;37,56;42,59;50,64;60,67;63,67;71,85;76,95;81,98;82,87;90,105
11,29;17,29;19,38;25,45;28,30;29,34;37,40;44,50
18,36;21,39;26,33;36,54;38,46;47,49;50,56;57,67;66,82;71,83;74,91;84,96;90,99;98,109;107,118
40,49;41,58;51,68;55,58;61,66;64,65
49,64;54,65;62,65;71,81;81,101;89,108;91,104;92,95;99,103;107,115;108,109;111,131;116,118;123,132;126,127
44,57;45,51;50,51;51,69;59,70;66,77;71,83;73,90
17,23;22,39;27,33;35,37;37,56;43,48;47,49;55,57
33,47;39,52;49,50;50,57;55,66;56,70;60,63;69,82;71,88;81,101;86,98;87,100
18,32;21,30;25,31;27,36;29,42;38,53;47,60;50,69;59,76;64,66
3,6;13,27;15,25;23,41;31,39;32,42;38,51;48,56
42,60;52,57;58,74;66,72;76,96;82,83;84,97;91,106;96,116;106,115;111,123;113,116;122,137;126,138
38,57;42,46;46,65;47,49;56,71;60,67;70,84;74,91;80,90;81,89;90,107;92,112;93,111;96,99;100,117
34,41;41,61;49,59;54,64;58,60;67,79;73,76;83,97;84,91
19,37;20,31;28,35;32,40;40,58;46,56;55,73
27,29;28,30;33,40;39,41;44,58;45,47;53,66;55,63
21,29;24,40;31,43;35,36;38,54;42,52
38,54;40,48;49,50;59,60;64,73;65,73;67,68
42,56;45,61;55,68;56,65;62,82;68,87
45,53;48,64;50,52;58,73;62,70;71,91;77,93;81,84;85,100;91,107
0,14;7,21;17,36;19,22;25,32;29,40;32,48;35,47;42,62;50,58;56,62;62,64;68,82;76,89;84,91
16,36;26,34;34,35;38,50;48,61;49,51;53,58;61,68;65,75;72,84
33,48;41,58;46,52;55,74;63,64;71,82;75,79;81,82;83,85;89,101;91,98;96,102;99,113;100,116
47,56;51,57;61,65;66,72;75,76;76,95
16,20;17,31;20,39;22,30;32,45;38,50;40,60;47,55;48,55;57,66;62,68;69,75;76,78
13,33;21,38;23,25;25,33;26,35;32,47;42,60;49,54;58,63;63,67;65,79;74,86
34,35;39,47;43,53;52,61;56,73;64,65;66,85;71,85;75,78;78,96
35,51;43,46;53,67;57,74;64,78;73,92;83,103
45,62;51,64;56,65;59,72;61,77;69,71
46,61;53,66;59,77;69,73;76,93;77,93;84,92
24,42;34,52;39,55;43,44;48,56;54,59;58,73;66,86;74,85
1,11;11,28;15,29;21,38;22,35;25,35;28,33;37,47;44,45;49,68;56,62;61,62
37,43;39,42;41,61;51,66;52,69;61,67;62,68;67,70
39,47;45,62;53,58;55,66;61,77;68,86
39,57;46,51;48,59;54,73;59,68;63,68
35,39;42,47;43,47;50,69;54,61;58,66;63,77;71,89;77,90;85,88;89,98;92,111;101,119;109,111;118,126
16,22;20,21;30,50;31,32;34,40;38,42;48,65;56,63;57,71;58,60
22,28;26,40;27,28;35,45;45,57
30,44;39,50;40,53;46,57;54,65;61,80;64,79;66,82;75,84;76,94;85,95;88,95;98,115
46,49;48,66;51,71;53,71;62,71
39,57;46,58;53,60;58,63;59,76;64,82;65,70;68,69;75,76;82,100;88,98;91,105;98,100;107,120
38,41;43,58;48,61;51,69;56,71;64,83;74,78;82,98
47,67;56,69;61,63;64,84;69,76;75,91;79,90;81,83
30,33;40,53;42,49;44,52;49,66;53,58;59,62;61,70;66,82;67,71;75,91
20,31;21,35;30,39;40,59;48,55;57,72;65,82;75,80;82,96
18,37;22,34;25,33;28,34;32,46;33,41;40,56;47,56
18,37;26,41;27,42;31,34;37,51;42,47;48,55;53,66;60,78;64,74
36,50;40,43;41,53;50,55;57,59;58,77;63,70;71,77
6,18;16,27;19,39;28,29;31,37;41,54
3,21;12,26;20,27;22,42;28,35;38,48;42,45;49,66;51,57;52,65;60,61;61,70;65,81;70,86;71,74
31,37;35,44;40,49;49,69;56,63;62,70;63,76;67,73;71,88
45,47;52,67;60,70;61,70;62,72
43,44;47,53;51,63;60,73;69,70;73,76;75,79;77,91;83,86;89,91;94,96;101,121
20,36;24,44;28,41;37,45;44,54;48,64;58,78;65,79;75,90;76,80
42,52;52,57;59,74;61,81;67,82;76,87;79,83;88,107;98,100;100,117;109,125;114,126;122,141;127,143;129,146
0,3;5,10;8,24;9,27;18,35;23,42;31,45;33,53;41,60
3,22;10,24;19,23;25,32;31,46;33,49;43,48;51,65;54,59;63,67;65,73;75,92;81,98
21,40;23,42;25,39;30,33;35,55;45,63;54,58;55,63;62,64
49,69;52,68;57,67;60,71;61,74;70,72;78,98;81,91;87,89;96,106;98,100
38,49;40,58;48,58;51,57;56,67;61,62;62,80;71,90;75,95;77,83;86,89;93,103
31,35;34,51;36,49;41,54;47,63;50,65;59,71;63,64;66,78;75,78;79,86
16,26;24,28;26,44;28,46;30,45;36,39;42,49;49,65;53,61;61,64;62,64
26,32;33,43;35,47;42,60;49,62;53,62;54,70
23,33;30,33;39,53;47,49;55,62;58,78;61,76;62,69;66,80;76,88;78,89;80,86
1,5;5,25;11,15;21,40;23,33;25,34;35,44;44,55;47,63;57,75;62,77
10,28;11,20;15,33;19,35;28,38;30,48;33,48;36,51;43,57;53,71;57,75;65,72
10,12;11,13;12,31;22,36;27,38;28,36;37,47;40,53;42,51
8,20;12,21;22,31;26,45;30,42;40,44;47,55;55,61;61,66;62,72
13,32;21,26;23,42;24,26;29,41;38,44;46,63;55,62;65,79;70,81;80,86;82,86;86,94;87,100
44,61;53,55;55,75;56,60;61,72;69,83;79,96;80,98;83,87;90,97;91,99;98,100;104,119
47,59;52,68;59,60;66,76;68,82
39,50;43,56;50,55;57,77;61,62;69,83;70,76;78,92;86,87;95,110;100,102;110,118;116,129;117,121
43,49;51,71;52,64;56,66;57,58;61,77;63,75
1,8;8,10;14,32;19,22;21,31;29,35
37,56;42,45;51,64;59,76;69,76;79,80;87,105;96,108;101,120
42,55;48,67;55,65;58,77;60,77;65,82;73,91;81,96;88,100;89,104;97,99
25,35;28,32;33,45;43,55;48,58;56,62;58,61;65,79;71,79;80,99;89,99
4,23;8,13;10,17;15,18;17,28;26,33;31,48;37,43;40,46
18,37;24,33;33,42;43,49;46,56;55,58;58,78;68,73;74,87;80,98;83,96;89,90;92,102;101,104
3,8;12,20;22,37;29,41;38,39;46,51
6,24;10,19;13,16;19,27;24,43
9,17;11,23;13,19;21,28;27,33;31,34;36,48;42,56;43,44;49,69;53,69;61,80
43,57;51,61;57,74;62,67;65,75;72,84
25,27;27,32;31,49;39,58;46,65;48,58;54,70;60,63;67,71;72,92;73,76;79,89
13,14;20,25;23,33;24,27;30,38;34,38
29,33;31,51;39,47;49,56;58,61;64,81;72,80;76,80;78,90;86,99;96,98;105,119
8,17;15,29;19,24;28,31;36,37;43,62;49,56;58,63;65,79;72,79;79,98;89,103;90,108;92,101
30,45;33,52;35,41;43,48;49,60;59,68;62,67;69,72;76,80;77,93;87,89;97,109;99,108;105,119;112,119
19,32;21,41;24,33;29,30;33,53;41,58;48,53;57,75;63,79
31,37;36,49;39,58;43,53;47,61;49,50;56,76;60,67;67,86;73,76;74,90;81,84;88,107;92,110;93,107
24,26;33,42;34,49;35,37;36,49;46,54;52,56;58,73;62,81;66,80;75,83;76,93
1,19;6,18;11,18;16,23;21,26;31,39;34,40;39,56;44,55;46,63
33,43;38,49;42,48;50,53;60,72;63,83;65,67;72,85;79,92
11,28;13,27;17,31;20,34;23,39;30,38;38,47;44,59
21,24;27,39;34,40;39,57;47,53;55,68;56,67;62,80;72,79;76,87;84,101;94,109;100,112
7,17;12,31;16,27;18,28;25,43;31,47;37,52;43,46;48,67;57,76;62,73;66,79;67,81;72,75
3,21;9,17;15,18;22,23;27,30;29,45;32,47;39,55;43,53;44,51;53,58;62,72;69,83;72,90;77,81
50,60;58,63;68,88;71,90;73,87;78,79;81,100;82,88;83,85;84,101;94,105
31,45;40,48;47,66;52,53;61,81;65,69;72,83;77,95;81,83;90,110;99,105;101,105;103,119;113,133;120,139
35,47;40,48;47,61;52,70;61,76;66,83;71,75
50,59;54,72;59,73;60,79;65,68;71,84;80,95;88,100;95,110;97,115;98,116
10,22;13,30;19,31;22,36;27,34;30,39;38,53;45,65;52,70;62,72;66,84;72,89;80,97;87,92;90,97
4,10;8,10;11,15;21,36;28,32;35,48;39,46;40,49;45,56;48,52
18,38;19,29;27,41;29,35;39,48
49,67;56,74;61,73;64,81;74,84
42,55;45,48;52,69;58,68;65,85;67,81;68,86;69,72;70,88;73,87
44,51;49,66;54,63;64,79;67,84;73,74;83,102;87,100;91,93;100,118;108,125;115,126;118,138
5,11;11,30;18,23;22,26;27,37;32,46;38,44;43,50;45,56;51,56;52,53;61,71
28,43;36,42;45,50;50,66;55,74;60,70
40,42;42,53;51,68;55,66;56,63
1,9;8,14;13,16;22,23;28,39;33,34;39,56;42,52;44,50;47,49;55,56;59,73;65,66
16,24;17,35;21,31;24,39;28,43
1,15;2,20;4,13;9,11;16,17;17,20;18,19;19,26;20,36;24,27;26,30
38,51;42,53;49,58;59,75;66,70;76,86
28,45;34,50;38,54;46,60;50,53;57,71;65,69
42,49;43,53;48,64;55,73;56,58;63,69;70,81;77,97
28,42;32,50;42,60;44,64;46,64;49,62;59,63;60,65;67,72;72,84;75,92;76,77
30,33;37,51;40,53;43,47;53,70;61,65;62,64
46,51;53,70;57,59;60,77;67,68;68,84;70,78
27,28;35,49;45,53;51,64;60,80;70,83;78,82;86,90;91,102
19,34;26,32;30,34;38,51;45,57;49,68;54,62
50,70;56,62;66,79;67,74;74,93;80,83;81,89;91,108;101,103;103,122;109,110;119,120;124,130
40,45;43,55;51,54;59,68;60,71
42,48;48,57;49,64;50,70;60,73;62,76;68,88;78,82;81,83;84,87
33,52;36,46;39,42;46,53;47,65;52,56;59,71;63,76;69,89;70,72;78,98;87,95;96,113;97,117
3,16;9,25;14,27;21,37;25,40;29,47;32,49;33,37;37,45
44,50;51,54;55,68;57,60;66,72;68,87;73,77;79,81;82,101
6,14;10,11;20,40;24,39;32,52;37,55;43,50;52,62;59,61;61,67;68,75;69,88
36,43;46,51;53,68;59,64;66,67;76,90;79,80;88,99;93,105
14,21;23,27;25,34;30,49;40,56;48,62;56,74;60,77;70,73;80,100;90,103;96,102;104,124
39,54;48,64;55,71;64,67;72,84;76,81;78,92;82,84
8,16;9,15;17,35;22,27;29,45;32,40;39,44;47,51;53,70
33,39;42,62;46,53;55,56;64,71;70,84;80,96;87,99
39,41;44,64;50,56;51,61;59,65;68,70;78,87;88,103;97,112;106,119;110,127;115,116;125,134
46,56;53,64;63,75;67,76;69,74
21,34;27,36;35,54;41,56;45,49;49,56;56,57;61,79;65,82;70,80;74,85;82,86;86,105
40,58;42,51;52,66;54,62;61,65;66,68;76,95;83,86;92,99;93,107;96,100;97,106;106,124;111,115
11,18;12,21;22,32;27,35;32,36;33,47;39,41;46,62;51,67;52,70;55,71;57,69;67,69;75,90;76,79
50,67;60,65;68,86;77,82;84,99;86,88
47,64;48,56;57,60;65,82;75,92;78,97;81,93;85,100;91,108;97,108;99,101;107,113;108,121;111,118;114,118
42,58;44,46;49,68;57,75;67,74;72,87;73,80;74,93;84,92;85,96
18,28;28,35;36,47;38,50;47,65;54,65;64,69;67,76;73,81;81,88;89,103
27,39;34,37;37,50;39,49;44,46;52,58;62,76;65,81
10,16;11,13;13,31;16,20;26,45
34,47;37,56;43,45;46,48;50,59;58,65;68,74;72,77;74,93;77,78;85,95;94,95
6,16;10,27;17,32;21,35;30,47;32,33;40,49;43,58;44,45;53,63;59,69
42,53;50,59;54,65;64,77;70,82;77,89;86,104;89,99
9,17;17,18;27,28;28,41;36,54;44,57;54,63;55,70;64,81
2,13;10,16;20,23;23,41;29,35;38,52;42,60;45,48
40,49;48,63;53,67;56,59;59,73;69,84
44,62;46,60;47,63;52,64;56,61;64,73;74,80;78,82;79,97
50,57;53,56;60,61;62,68;71,81;75,83;77,91;85,86;91,96;101,121;108,124
6,13;16,24;26,40;35,53;39,58;43,53;46,56;53,73;56,71;61,68;62,63;71,90;77,94;87,91;91,103
50,58;51,65;59,74;69,84;77,92;86,90;92,109;98,111;101,109;111,119;113,123;115,122;119,139;126,137
1,15;10,22;16,27;20,35;22,34;30,48;32,33;39,53
16,23;18,33;26,28;31,39;37,41
7,14;9,18;13,32;23,29;33,46;35,55;43,55;45,57;55,73;64,68;67,85
22,37;24,43;29,47;33,41;39,44;48,61;57,58;58,74;64,82;69,84;74,93;75,79;79,95;87,101
45,53;46,64;54,66;58,65;63,68;71,78;80,100;89,96;91,108;98,103;108,121;113,120;116,133;117,136
16,22;26,39;31,35;32,52;42,44;50,58;53,60;61,78;65,73;75,89;82,94;87,88;94,95
38,39;48,62;58,75;59,75;61,62
28,34;37,44;39,53;45,59;49,64;56,63;59,74;65,84;67,86;74,84;77,95;82,96;86,89;91,102
31,40;36,41;40,47;48,61;58,72;59,66;61,63;70,76;79,93;81,86;88,95;92,97;95,98;98,103;99,109
27,36;31,50;40,43;49,50;59,64;69,72;73,92;80,88;90,102;100,114;104,105;112,120;118,129;124,129
41,45;42,44;45,52;54,55;56,67;57,66;65,79;67,78;70,80
7,16;9,10;14,23;23,25;27,46;33,42;38,50
10,24;15,30;17,24;23,25;24,34;33,42;36,38
36,47;38,40;47,64;53,55;62,80;71,72;73,92;78,95;83,103;89,101;95,96;97,100;101,112
36,39;40,48;49,52;53,58;56,57;60,63;61,72;66,69;75,91;82,95;86,90
36,39;46,60;51,63;58,59;63,67;67,68;71,84
45,47;46,57;47,52;51,64;52,65;60,64;64,83
37,39;44,63;49,69;51,55;58,62;64,81;74,90;79,99
47,54;55,59;57,75;58,74;67,70;68,70;72,79;80,85;90,105;99,101;105,125;110,123;116,118
1,7;10,29;14,29;24,44;25,27;32,45;34,38;41,53;49,67;58,68;62,81
30,44;38,47;48,68;56,65;61,65;68,69;78,83;85,100
9,11;13,16;20,31;29,40;39,51;46,47;52,65;58,75;62,67;66,85;72,83;74,88;83,93
4,23;9,26;13,22;21,28;25,34;30,47;37,56;38,47;44,50;45,60;46,58;54,66;56,73;59,66;69,74
24,32;28,31;30,36;39,53;46,63;56,64;66,67;73,78
11,18;18,29;23,26;33,38;36,38;44,47;48,66;55,58;65,69
23,27;33,47;38,51;47,56;54,59;63,69;68,71;74,83;82,101;89,98;95,102;100,105
25,43;29,44;30,36;34,37;37,55;43,58;47,65;50,56;57,77;66,74;75,95;84,104
46,62;53,59;62,67;71,81;76,78;78,86;79,81;81,85;90,100;99,119;107,115;109,114;118,131;121,129
26,33;34,53;40,55;50,58;55,73;62,72;69,82;71,78;78,80;88,106;96,100;99,117;104,121
19,23;25,28;34,39;39,52;47,58;52,53;54,59;59,63;61,64;68,77;74,77;84,89;94,100
12,20;21,39;22,40;29,46;33,43;35,38;42,50;49,51;51,58;55,73;63,70;64,73;66,83
21,39;26,35;36,37;38,55;48,55;53,64;59,66
14,23;22,25;24,43;29,41;37,48;46,52;52,55;53,54
37,44;44,51;45,53;49,66;57,62;66,80;67,81;69,87;79,96;80,82;83,97;90,105;99,119;108,113
38,53;48,61;58,63;68,86;71,73;81,99;87,98;94,109;100,118;109,120;119,122;129,130;132,143;134,151
13,17;21,27;28,35;32,50;38,58;39,53;46,49;56,63;65,72;74,84;82,96;86,104;91,98;92,111;97,101
32,34;38,54;39,48;45,64;55,67;57,73;59,64;69,73
49,69;54,71;55,63;60,65;65,83;72,81;79,97;89,105;91,100;100,102;108,113
29,46;35,36;39,52;49,52;54,63;61,80;70,73;75,80
13,18;21,26;23,29;25,31;27,37;33,51;39,40;46,57;52,62
7,19;10,13;11,19;19,37;25,41;34,43;36,42;44,54
37,47;41,58;42,43;48,51;53,65;55,64;58,69;68,87;77,85;80,87;85,86
15,25;22,26;23,33;27,33;35,46;38,40;47,57;53,56;63,77;68,82
18,38;21,30;24,37;28,31;36,38;40,50;46,66;49,63;51,70
33,38;37,45;47,55;51,63;58,65;64,73
13,23;23,39;30,31;37,56;40,47;48,58;49,60;55,74;58,65
50,69;51,57;55,65;60,80;67,74;68,76;70,77
16,29;18,30;21,26;26,30;27,33;29,36;31,48;41,43;51,52;59,72
3,11;8,26;18,22;23,27;32,47;39,51;45,48;54,60;63,78;65,80;73,75;83,95;93,99
5,11;12,26;15,24;24,26;26,36;31,41;33,37
7,8;16,21;18,36;27,32;30,44;38,43;43,45;51,57;56,59;64,79;65,79;70,84;73,85
46,49;55,61;63,67;73,77;74,88;78,97;88,96;93,113;94,113;103,113;110,127;119,120;121,123
22,31;24,32;33,51;34,46;36,51;43,62;46,47;55,58;56,60;62,75;71,91;81,90
25,30;33,42;37,54;43,58;44,53;47,67;55,61;62,82
26,41;28,46;35,36;42,47;51,60
35,46;37,42;47,62;57,74;67,74;70,72;80,90
42,44;49,57;58,68;59,68;65,81;74,85;82,86;92,97;101,116;111,122;119,126;120,130;123,138;128,132;135,148
41,48;49,51;59,60;67,69;69,80
24,33;29,43;37,48;43,44;45,51;55,74;61,78;64,75;73,77;79,91;83,85;89,105;92,107;102,105;110,114
0,10;7,20;9,15;11,29;20,35;29,49;37,54;47,53;49,67;50,63
33,35;35,40;45,54;47,55;50,51;57,68;62,74;70,83;79,91;87,89;97,98;98,109;104,109;114,126
17,30;21,41;28,40;38,53;44,47;53,72;61,64
10,23;19,36;24,44;25,30;30,34;40,59;45,57;46,55;50,54;57,66;59,76;60,79;62,76
19,35;25,44;27,44;30,40;31,37;35,55;42,47;46,61;54,61;55,70;65,80;73,79;79,95
28,37;31,51;39,44;47,63;57,58;63,78;73,91;82,90;90,95;95,103;102,105
13,24;19,33;27,42;36,50;41,46;44,50;52,60;61,77;68,82;74,93;76,84;78,95;85,91;94,102;104,113
13,22;21,36;30,40;40,46;50,70;60,73;64,73;67,82;77,92;82,94
14,26;24,37;32,43;39,53;42,43;50,63;52,67;53,73;62,65;66,82;73,74;80,94;88,107;92,109
11,26;14,29;19,31;23,43;27,44;30,32;40,55;42,50;50,53;59,61;68,79;72,77;77,96;87,100
12,27;20,36;24,25;29,31;36,56;41,47
16,35;26,46;27,36;29,40;31,33;41,49;43,51;53,55;56,72;57,77;66,83;75,79;84,85;92,96
38,57;40,48;49,52;59,75;62,71;69,88;76,80;82,101;86,102
22,42;25,39;29,48;37,50;43,48;48,64;51,65;57,70;67,80;73,83;82,100;83,96
11,27;15,23;24,42;30,50;36,47;40,58;45,63;53,67;56,76;58,76;61,72;62,82
39,48;48,68;53,62;54,65;58,68;68,70;72,76;80,83;90,109;97,103;98,116
20,39;27,45;35,40;44,58;51,59;61,79;63,76;73,91
50,51;52,64;54,56;58,72;66,71;68,88;75,95;81,88;88,108;91,96;96,110;98,108;105,114
4,10;11,26;13,16;22,40;28,29;29,34;38,45;47,59;57,75;66,86;72,84;78,79;87,100;93,107;103,108
45,65;53,68;56,65;60,64;66,85
25,37;35,54;42,55;46,58;50,64;56,75;65,72;67,76;68,71;72,88;75,80;85,90;86,100
4,18;13,22;23,24;33,35;36,50
11,17;21,23;30,39;31,46;34,37;35,48;38,51;40,55;42,61
3,20;13,26;16,36;20,40;24,32;29,48;33,48;36,54;39,53;47,66;54,66;58,71;63,82;67,86;76,93
5,20;8,25;13,31;23,33;33,35;41,61;51,54;59,75;67,83;77,93;82,89;90,93;96,114;97,108;102,115
1,7;4,9;5,17;6,7;7,9;13,21;22,35;29,31;37,57
29,43;38,45;45,54;50,56;53,63;54,64;61,70;69,85
43,61;46,55;51,54;55,63;60,74;70,90;74,80;75,83;84,98;90,101;97,98;106,126;112,115
47,53;56,68;59,69;68,84;77,89;83,97;86,100;95,99;96,114;102,111
44,61;47,56;56,65;59,67;61,68;69,86;76,82;77,94;79,93;80,91;82,92;89,107;92,96;99,107;105,112
9,29;16,23;26,27;32,39;37,51;39,40;49,56
3,22;11,13;18,35;25,29;27,39;31,44;32,37;34,40;41,48;46,47;49,57;54,71;56,58;64,74
32,48;40,50;43,53;53,72;61,70;71,73;80,99;90,96;97,111;106,118;113,118
12,22;21,32;22,25;23,39;29,30;32,36;33,46;42,61;48,60;58,62;67,72;75,85;82,83;92,101;98,103
23,40;33,49;41,50;51,65;60,74;61,69
21,25;22,30;27,31;35,47;45,50;54,62;59,74;67,78;77,89;85,103;95,102
1,10;7,14;16,35;19,30;23,34;32,47;34,39;41,58;48,64;51,58;56,63;61,66;71,84;74,75;75,76
35,41;40,45;41,48;49,50;56,63
16,26;24,32;32,45;39,53;44,45
44,49;46,65;49,67;58,71;60,68
35,45;43,54;49,63;52,54;53,61;61,79;69,76;70,76;72,80;79,81;86,87;90,92
9,10;14,20;20,32;23,29;26,33;35,47;41,43;48,65;50,61;52,69
45,52;51,64;60,63;63,66;69,76;73,82;80,87;83,96;88,91
3,5;13,29;23,32;24,44;32,51;40,51;43,61;52,60;54,67;59,67;63,67;68,74;73,75;81,98;85,92
39,41;42,49;45,48;46,55;47,64
45,49;51,65;53,59;57,60;61,65;68,78;70,75;76,94;85,89;95,111
12,13;16,36;21,36;22,25;29,35;33,46;37,44;42,56;46,66;51,52;61,73;67,73;75,94;80,87;83,97
4,15;11,21;17,32;23,26;26,40;30,34;31,35;41,61;43,62;44,53;53,54;62,77;63,80;64,66
13,18;21,36;31,42;36,53;44,58;45,56;49,58;54,74;60,79;65,66;69,77;73,87;77,89;85,93;95,98
15,25;22,39;29,30;32,37;38,42
15,34;18,38;25,40;32,40;35,52;36,51;42,51;47,67;53,55;55,73;61,78;65,69;69,82;72,85;80,81
20,30;28,42;36,38;41,52;42,43;44,58;53,64;60,67;70,83
32,47;42,62;43,58;51,52;60,73
2,13;5,7;11,13;19,33;25,26;29,31;30,35;32,35
22,41;26,31;29,34;36,56;45,49;54,60;60,80;66,67;74,76;84,100;92,107;97,114;98,102;102,114
15,21;20,24;26,31;27,41;36,44;43,56;53,70;55,65;58,72;60,62;67,82;69,76
27,38;32,45;34,38;38,40;48,59;58,77;64,66;70,80;77,90;79,91;84,87;93,97;99,105;100,112;104,123
13,16;16,24;26,45;33,43;38,54;44,58;49,67;55,74
3,8;9,19;16,20;22,40;31,32;40,58;45,63;51,69
41,47;42,52;44,56;47,67;53,67;60,67
1,16;6,19;12,26;15,25;24,35;25,37;35,53;44,47
39,57;47,64;56,75;62,79;69,79;75,79;78,80;83,98;86,88;88,102
15,26;20,39;21,34;22,25;29,35;31,45
5,23;12,31;14,21;24,41;32,33;35,53;38,47;47,62;48,55;56,69;58,77;59,73;60,80;68,72;77,78
22,26;32,52;40,46;42,62;43,44;45,58;54,71;60,70;65,78;73,74;83,97
5,25;14,24;19,38;28,48;37,50
18,22;19,32;26,41;34,40;42,44;51,69;60,69;66,77;74,92;75,79;84,97;91,93
15,26;21,26;30,43;36,39;38,40;42,48;51,52;54,70;59,75;64,81;71,73;73,87;80,99;81,87
8,16;10,28;12,16;17,37;20,22;29,47;32,49;42,58;51,61;59,60;62,63;68,81;78,96;79,91;82,85
0,1;9,14;15,17;19,31;24,36;28,38;29,47;37,41;45,49;47,63;57,61;66,76;67,82;70,76;80,94
37,54;45,65;46,57;53,55;59,66;68,75;73,79;82,87;89,103;98,118;108,112
47,58;56,62;66,68;70,79;80,89;81,84;82,92;88,108;92,96;100,111;109,113;113,121
33,40;34,50;43,56;53,72;62,75;66,83;69,77;75,89;77,82
36,40;43,48;46,53;47,66;52,71;55,59;56,75;57,71;60,77;64,65;72,83;81,91
19,35;20,29;24,33;29,38;31,43;39,52;43,54;52,54;58,78
40,48;46,64;56,66;62,80;69,84;79,95;83,103;90,104;94,95;99,106;101,118
8,16;11,23;17,23;27,29;30,43;40,53;50,67
36,41;37,55;47,51;52,65;55,68;58,74;66,85;75,88;83,85
33,49;34,47;42,61;48,51;50,62;58,73;59,76;69,79;77,86;87,105;89,95;91,103;100,117
43,60;52,55;61,69;71,76;74,85;83,95;85,87;93,99;99,110;108,125;115,122;120,125;129,147;138,156
25,30;29,40;37,52;46,56;47,60;57,75;59,65;62,67;71,76;74,80
20,24;21,27;28,39;31,47;34,37;39,49;46,62;52,72;57,75;64,76;73,76;79,82;82,95;87,93
48,59;55,60;60,72;70,85;74,84
36,44;37,49;40,47;45,54;47,54;55,69
1,13;9,22;15,16;22,33;29,40;37,43
45,57;51,54;60,75;64,81;67,77;71,75;79,90;82,95;88,100;90,102;93,111;97,109
11,22;17,27;19,33;23,29;33,37;42,44;49,58;51,62;58,59;60,61;67,69
11,30;12,15;20,37;29,37;37,44;42,55;52,63;55,62;57,70;62,75;65,77;74,75;81,99
35,44;40,57;49,64;57,69;62,71;70,74;72,90;75,91;77,92
47,64;51,62;59,66;64,82;65,69;70,73;76,93;83,87;88,94;98,117;105,120
41,43;49,60;54,66;64,82;68,80;72,85;74,76;79,89
40,55;46,58;47,52;54,69;56,76;65,76;72,80
41,48;47,50;52,69;62,74;64,69;68,84;75,76;81,88;88,94;96,116;100,117
3,10;9,19;16,32;21,34;25,26
18,31;24,35;26,29;27,46;34,54;42,51;48,56
43,62;47,54;57,69;67,69;76,83;77,82;84,87;85,90;86,93;88,99;93,110;95,115
12,19;15,20;25,26;27,29;36,53;38,46;48,67;58,59;61,69;62,76;70,90;72,84
24,40;28,42;35,40;45,51;46,62;49,58;56,62;60,61;69,81
20,39;26,34;28,38;32,46;42,57;44,45;49,60
42,45;52,57;56,61;63,75;66,86;71,74;81,97;86,89;91,94;92,105;99,105;105,107;112,113
47,51;55,68;61,64;67,75;70,72;76,83;79,98;89,103;92,112;94,112;104,116;110,125
15,25;19,25;25,44;32,36;34,46
44,59;53,66;59,62;64,67;74,78;77,89;82,98;89,91;99,109;106,122
5,14;12,18;17,27;22,30;31,38;36,52;40,60;49,58;51,62;59,60;60,71;63,79;68,81;78,84;87,92
42,52;49,57;51,70;59,63;61,66;64,84;73,85;78,85;88,102;92,105;102,121;107,110
42,57;44,57;54,72;61,75;67,86;72,76;74,88;78,82;82,87;83,95;92,105;102,118
41,46;43,44;48,53;51,60;53,57;54,56
31,38;38,39;46,64;52,65;53,60;54,62
23,38;24,44;33,35;39,43;49,57;58,75
37,50;47,55;53,57;59,77;63,71;70,79;73,93;74,86;84,97;89,95
24,42;31,51;35,53;44,62;52,58
35,51;42,52;52,54;56,58;58,71;59,73;66,78;67,79;69,84;74,90;81,88;87,88;95,114;103,109
43,48;50,53;55,63;63,69;64,72;74,88;83,93;88,102;92,106;100,113;103,117;113,119;121,129;125,129;134,145
21,30;27,36;31,35;40,50;45,52;47,67;51,68;60,80;61,80
22,31;25,35;32,34;33,45;39,42;44,64;50,67;58,63;62,76;66,74;73,78
26,36;36,41;38,49;40,60;48,58;49,54;57,58;65,79;72,83;80,99;88,89
42,45;46,55;54,70;57,72;59,77;68,88;69,71;76,82;85,90;95,98;101,111;107,126;110,127;113,123
26,40;33,34;38,51;42,43;47,56;50,61;52,70;62,79;66,82
44,53;45,49;55,66;65,72;70,87;74,83;84,91;87,90;94,98
38,50;44,51;54,73;63,70;71,91
12,29;15,23;21,29;26,37;33,34;35,52;39,48;41,50;45,64
21,25;31,49;34,40;36,48;41,56;51,71;55,59
25,30;32,39;35,48;36,44;41,57;44,52;49,60;59,62;61,69
14,21;16,31;17,37;24,36;30,42
48,50;57,62;60,72;65,79;74,75;82,88;85,89;88,105;90,102
23,42;29,41;39,53;49,67;52,53;53,55;54,58;58,67;61,68;64,68;71,79
12,14;21,38;24,35;29,47;33,38;38,46;48,56;52,60;57,68
21,39;27,33;35,45;43,44;50,65;59,71;63,81;72,86
7,14;16,18;18,35;27,33;31,40;36,52;45,51;51,68;58,74;61,71;64,77;69,73;77,83;80,98
23,28;30,43;39,50;40,51;42,52;46,58
15,26;20,25;29,45;33,34;34,44;41,60;50,58;51,59;52,62;59,71;68,70;76,91;78,83;86,94;90,110
6,7;14,32;20,31;30,43;36,51;43,56;53,68;61,69;62,65
8,28;18,33;23,24;32,48;38,53;46,53;53,73;54,71;59,69;68,75
26,30;27,47;33,45;36,46;38,57;44,58;46,49;52,72;58,64;62,73
17,34;26,45;30,45;34,48;37,41;39,40;41,47;49,58
6,22;8,27;11,21;13,24;15,26;19,24;22,31;32,33;35,52
40,44;41,55;42,53;46,52;49,51;54,60;57,77;61,63;65,74;66,72;72,80;82,102
15,20;25,32;29,30;32,36;36,45
5,17;11,29;19,24;20,39;30,33;34,43
6,19;15,22;24,25;31,33;38,55;44,49;49,67;54,55;63,68;73,75;76,93;82,93
14,26;19,35;26,31;31,47;41,52;49,58;59,65;63,76;73,89;76,88;78,87;87,104;92,105;93,105;103,115
27,29;34,53;39,47;40,60;46,47;54,60;57,74;67,82;71,89
46,61;52,68;58,68;61,67;69,87;76,85;79,89;89,97;97,103;105,109;112,124;117,119;124,139
46,55;47,63;57,60;64,77;70,86
4,13;8,25;15,16;25,32;26,33
14,15;24,34;26,31;29,31;34,47;41,56;45,54;47,57;54,69;62,80;64,75;72,80;80,99;83,96
45,50;49,66;56,65;61,74;66,71;72,73;80,84;88,103;94,109;96,103;98,112
10,19;14,30;15,25;17,19;21,34;29,34;33,39
37,39;46,49;53,56;60,66;66,74;74,92
11,13;12,26;21,26;31,36;37,57;41,43;47,67
24,25;32,41;42,49;43,44;44,50;46,57;50,65;58,78;66,70;76,95;79,80;87,104;96,101
14,33;17,37;18,22;28,42;36,45;40,49;48,61;56,63;61,76;71,82;72,91;79,91;80,84;82,90;86,102
8,16;14,33;24,43;27,29;32,36;41,60;46,64;53,73;56,59;66,73;68,73
44,47;52,72;56,69;63,80;69,86;73,79;78,95
25,39;35,47;39,52;40,46;45,56;47,55;57,70;60,64
18,21;24,29;32,35;36,56;40,43;43,50;47,66;48,59;49,60;52,59;57,71
7,8;14,26;16,28;24,28;33,49
42,60;44,59;51,63;61,74;69,89;71,78;81,90;88,102;91,106;95,113;99,115;104,117;105,115
20,31;30,36;36,51;45,52;46,52;55,66;56,75;66,81;71,91;74,90;76,90
17,28;26,31;29,45;38,44;43,47;47,58;53,64;56,70;58,67
23,31;30,42;38,56;46,57;55,64;61,78;68,85;71,90;74,82;77,89;81,101;87,96;92,103;100,114
31,43;33,47;41,46;43,58;45,60;46,55;50,54;57,74;67,70;74,80;77,79;78,85;85,91;87,104;88,90
44,61;49,66;57,61;63,76;70,72;79,98;88,107;96,110;99,119;102,118;107,116
44,47;52,55;55,56;63,80;66,74;72,89;75,88
45,46;54,59;60,73;63,78;68,79;69,70;74,77;78,83
35,49;41,47;50,51;57,76;58,78;61,75;69,77;74,90;81,95;86,105;90,110;98,107
25,36;33,49;39,43;43,55;51,58;57,60;66,71;67,81
25,38;31,38;40,57;50,65;51,64;54,60;61,65;71,83;81,90;90,93;96,116
15,29;23,29;29,33;36,52;38,47;45,58;55,62;60,70;69,82
15,28;20,32;22,33;30,45;38,39;40,41;46,50;53,67;59,64;63,64;64,73;68,77;71,90;75,78;81,92
1,17;6,18;13,26;22,33;32,43;36,40;46,49;53,69;57,68;62,65;70,74;77,92
28,33;30,39;39,52;46,51;56,72;62,64
16,17;22,34;29,47;32,35;34,40;37,55;40,60;42,57;50,54;52,59
37,56;41,55;47,57;52,70;61,79;65,79;67,84;69,89;75,85;83,99
43,63;53,65;63,70;72,80;74,75;80,97;89,90;99,112;108,122;110,123
9,15;16,21;26,30;33,39;40,48;46,61;56,72;66,86
47,59;54,63;62,69;65,82;74,90;76,92;77,84;79,87;86,100;89,105;90,100;98,106;107,127;115,126;121,139
30,33;32,38;33,40;40,46;50,57;60,62
29,46;36,37;42,52;45,52;52,69;61,76;68,80;70,88;76,78;82,88;84,86;93,96;99,115;108,123
5,25;8,16;10,11;20,32;21,37;25,34;28,39;37,56;41,61;49,61;51,65
28,41;38,51;44,52;54,55;63,69;68,77;71,84;74,91;83,88;87,96;96,116;98,115;107,125
18,21;22,42;32,51;35,54;36,54;38,50;42,44;43,49;50,67
10,22;17,36;26,41;31,38;39,47;44,58
11,24;19,36;27,43;35,45;43,60;47,63;56,76;57,70;67,81
24,37;34,49;35,55;41,56;51,58
34,51;42,44;48,68;52,66;62,66;65,71;67,78;77,90
44,60;49,65;56,73;63,80;70,85;74,81
4,22;13,22;15,33;25,28;34,49
35,42;42,49;44,48;53,56;55,59;63,65;69,79;70,87;72,86;75,85;76,77;78,90
19,39;25,39;33,35;36,43;43,50;46,52;55,60;62,77;69,71;75,85;79,88
48,63;57,76;66,83;72,92;78,88;86,92;96,105;101,118;107,114;113,129;122,123;126,134
0,3;8,21;17,34;25,28;32,37;36,44;43,62
31,43;39,40;46,52;54,70;60,61;63,81;72,92;81,98;87,99;90,108;93,100
29,42;37,50;47,61;57,74;63,80;71,79;73,89;81,83;87,106;92,101;96,101;103,107;105,114
43,61;53,61;60,70;63,64;66,72;75,94;82,99
0,8;5,16;10,17;19,31;29,37;37,44
47,63;49,56;50,63;59,63;67,75
31,33;35,50;45,55;53,57;58,75;59,79;65,69;73,87
39,44;45,55;48,64;52,71;58,65;61,66;64,65;70,83;72,88;81,84;86,100;94,98;101,115;107,112
16,36;22,29;24,29;31,44;38,40;48,68;54,60
36,40;39,52;41,47;45,57;50,70;58,60;62,82;64,69;67,76;68,70;74,81;80,89
43,52;45,62;46,48;53,71;60,66;63,64;71,85;73,80;76,93;80,86;83,84;91,103;97,113
20,34;27,29;36,47;45,54;48,60;54,65;61,79;68,78
39,45;46,64;52,60;62,75;66,85;69,79
33,37;39,51;42,58;47,50;51,61;58,74;68,82
33,36;40,59;47,55;50,61;58,69;63,64;73,87;78,92;84,91
36,55;46,50;47,58;57,67;66,71
18,36;27,39;35,49;43,60;48,68;58,62;65,69;68,87
3,17;8,25;14,26;23,38;24,41;34,43;38,51;46,60;52,53
34,50;36,51;37,42;38,53;43,44;49,50;51,56;56,72;61,76;70,81
41,53;46,53;47,62;55,56;63,73;72,76;80,93
2,9;8,11;10,12;11,15;14,15
1,21;5,9;11,13;17,25;24,27;30,38;34,49;43,49;48,66;54,69;55,73;65,84;70,78;75,91
4,20;8,10;17,30;26,46;35,37;44,47
4,15;12,14;22,39;26,38;32,36;35,37;44,63;45,46;47,65;48,55;52,60;57,62
36,38;41,51;47,56;52,63;53,59;56,60;58,65;68,80
41,59;45,50;52,66;56,69;64,70;65,72
32,43;38,50;42,47;47,57;55,64
47,64;54,55;64,68;74,78;83,97
27,43;35,50;39,54;41,56;47,55;50,51;51,65;52,54;53,58;56,66;64,77;68,69
16,35;19,37;24,28;28,35;29,40;36,40
18,30;27,37;29,38;34,41;42,45;47,54;50,54;52,72;57,73;63,66;64,65;72,81;73,77;77,80;86,87
40,57;48,52;53,59;57,73;64,80
12,14;20,31;23,33;29,43;38,50;41,51;47,58;57,73;59,73;61,76;62,69;72,84;76,86
15,18;16,18;20,21;25,35;31,44;41,60;51,54;54,69;59,67
5,19;9,26;11,26;16,35;23,24;25,34;27,41;34,36;40,47;49,57;56,66;58,75;64,65
17,18;27,37;36,55;39,45;42,57;45,63;49,60;58,65;62,66;67,75;75,79;76,86;77,86
9,19;13,19;23,34;24,26;26,43;28,44;38,50;42,56
22,37;25,40;33,43;35,54;37,39;39,47;41,57;51,66
45,65;48,63;54,64;57,74;59,73;63,78;64,66;67,79;70,82;71,90;78,89
27,38;35,38;44,59;53,65;55,64;62,73;67,79;75,79;84,101
16,19;22,24;25,28;31,32;37,54;47,54;50,56;53,66;54,62;64,71;73,76;78,83;82,102;84,90;88,106
29,45;34,44;41,51;48,57;56,73;61,66;63,64;73,91;76,81;79,86;87,89
31,49;39,53;48,52;51,54;52,59;60,78;69,87
29,38;38,53;46,60;50,57;58,72;64,82;66,76;67,80;75,83;77,92;87,107;89,94;91,110
4,20;8,14;9,23;13,32;14,18;24,39;34,46
48,54;50,68;55,70;65,74;71,87;72,86;75,92;78,87;82,100;83,92;89,94;91,97;94,114
33,51;42,53;48,59;57,63;60,72;62,74;70,86;80,97;89,96;97,116;98,111
44,61;48,49;56,69;59,67;63,76;68,75;72,83;80,100;82,85;89,98;91,94;99,106;106,123;107,110
11,27;21,31;28,37;36,44;38,46;41,59;42,44;48,56;51,57;58,77
1,11;7,27;14,34;17,28;18,34;25,34;31,49;32,35;42,47;43,62;44,64;50,68;51,63;59,72
23,29;33,51;39,42;43,49;48,59;56,57;58,72;66,83;71,73
37,43;45,47;54,63;57,74;63,79;68,69;75,88;80,82;84,97
8,19;17,35;19,31;28,35;36,42;39,59;42,54;51,52
45,47;47,57;57,59;65,77;74,88;80,93;89,107;93,94;96,113
35,47;45,64;46,53;56,69;58,65;66,84;74,92;81,99;84,91;88,104;98,115
21,38;28,46;36,48;39,58;40,43;46,66;51,69;57,65;59,72
44,54;52,57;56,72;58,67;66,80;72,81;75,93;77,97;87,100;94,101;102,107;107,111
49,59;56,64;62,65;64,76;71,79;80,82;87,89;93,94
40,56;41,44;48,49;52,55;54,55;56,61;60,61;66,67;74,90;81,95;90,102;94,101;101,111
18,25;24,44;30,45;32,33;42,53;50,52;51,58;58,67;66,83;71,83;81,98;88,96;95,102;100,116
33,47;43,54;52,60;62,63;64,82;72,85;73,75;82,100;91,92
38,55;41,56;45,53;50,59;54,72
11,28;13,30;23,28;27,29;37,48;42,58;47,49;50,63
20,23;23,24;26,44;30,31;38,39;42,51;45,47;46,47;51,57;55,57;57,76;63,79;65,76
33,44;39,56;46,53;54,70;62,73;65,72;68,70;73,87;74,75;83,86;89,105
17,34;24,38;31,42;35,47;41,43;50,56;60,75;67,85;77,81;85,92
1,9;9,10;14,32;23,38;28,38;35,55;39,40;40,48;48,56;55,72
32,49;37,56;41,46;44,53;47,62;53,55;57,77;66,75
34,40;40,41;48,67;58,73;61,79;66,77;68,76;76,95;85,94;86,99;95,113
17,20;23,29;32,39;42,53;46,60
20,33;28,44;30,36;31,44;38,39;47,51;55,68;56,57;65,71;71,87
34,49;38,54;43,55;49,64;55,57;58,61;65,73;75,84;81,87;89,101
4,12;12,16;15,24;25,43;35,53;43,61;49,64;53,59;58,68;68,70;71,88
33,45;39,55;45,53;53,60;55,57;57,64
29,44;38,52;46,50;55,66;61,71;67,72;73,76;82,98;92,100;97,116;103,118;105,106
50,65;53,70;58,76;63,69;65,82;67,74;73,82;80,100
12,30;14,25;21,22;25,43;29,31;30,37
44,60;54,73;63,78;67,72;71,81;77,85;81,92
31,39;35,42;36,46;46,57;53,56;63,73
2,7;5,24;8,18;10,20;18,31;22,25;26,29;36,37;43,61;53,67
34,46;42,62;46,56;47,60;50,70;52,61;59,73;61,67;65,76;71,78;80,85;81,100;87,95;93,106
46,64;50,68;60,74;61,80;67,76;70,79;71,89;77,88;86,104;90,96;91,104;96,110
40,55;50,55;56,59;62,80;66,81;69,85
33,43;41,57;44,47;54,67;62,75;68,82;75,76;78,91;79,96;88,105;95,104;104,120;114,128;117,126;125,141
32,41;34,40;43,60;45,54;52,68;62,76;64,75;68,74;73,89;74,84;75,93
24,29;31,34;35,44;42,62;52,71;53,55;61,80;62,65;65,79;70,74
31,41;34,47;44,60;51,67;59,61;64,84;67,82;70,71;72,91;80,92;90,110;96,106
36,37;39,59;48,53;58,71;65,73;67,82;70,74;79,88;81,85;83,94;90,107;93,110
18,35;23,27;32,50;33,50;41,60
33,35;36,54;39,53;42,54;52,60
26,31;31,51;33,45;40,49;41,50
5,11;6,11;16,35;19,36;25,36;33,43;37,48
48,61;58,61;61,67;71,77;81,91
30,47;38,44;45,61;49,57;51,66;58,66;64,69;71,84;74,89;78,97
31,46;40,44;43,47;47,51;54,62;56,57;59,61;62,82;67,83
38,53;44,57;51,67;58,67;65,69;72,90;74,80;81,97;89,93;91,93;96,113;106,123;107,116;116,130
23,26;26,38;29,37;30,37;34,35;37,42
35,54;43,61;44,45;50,68;59,62;63,71;65,70;72,83
37,51;43,62;48,52;54,63;56,72
34,54;41,46;51,57;55,67;56,61;63,76;65,79;69,79;70,88;72,87;73,88;74,79;81,95
1,3;7,15;12,25;15,28;22,25;28,36;31,43;38,43;40,57;48,54;58,60;60,71;69,78;70,71
24,44;33,43;42,52;47,64;53,73;58,65;64,78;65,76;74,85;77,78;86,94;95,97;101,120
10,20;18,24;20,24;21,27;28,29;36,41;41,48;51,61;57,66;63,69;71,88;72,74
38,45;44,59;45,51;54,60;56,73;65,84;67,79
12,25;20,32;26,45;27,36;33,53;41,50;42,50;49,67;51,57;57,59;67,74;71,86;79,82;88,105
8,15;10,29;11,18;12,30;14,24;23,34;30,43;38,44;42,58;45,51
19,34;27,29;30,46;34,46;38,51;48,56;58,71;68,86;73,75;75,79
40,52;46,56;48,54;50,54;59,73;67,80
34,48;40,49;44,48;52,54;62,66;67,85;76,87;81,88;88,93;97,112;103,104;108,123;110,111;116,119
31,41;35,36;42,57;52,70;56,64;61,64;68,87;75,79;85,88;88,108
25,36;33,53;39,46;42,48;43,51;44,60;50,52;53,73;63,79;70,88;71,82
18,38;22,28;25,28;31,34;36,44;45,54;52,72;57,65;62,78;72,74;81,98;90,91;97,108;99,103
1,15;5,19;15,24;18,26;23,37;32,47;33,42
24,31;29,43;33,43;41,59;49,56;58,60;59,69;63,78
10,11;19,20;23,30;32,33;36,49;38,39;40,46;47,59
33,42;42,52;43,48;53,66;56,76;58,78;68,86
38,42;41,44;48,56;54,56;58,69;64,76;70,79;75,83;84,95;87,90;97,114;105,112;113,121
13,31;21,37;29,35;30,31;31,38;38,45;39,42;48,64
5,8;15,35;19,39;26,34;34,51
34,50;41,44;46,54;55,68;59,72;62,70;68,78;74,90;84,100;86,100;87,93;96,97;100,114;106,118;109,113
22,38;27,45;37,56;42,44;48,51
25,37;35,38;44,61;46,54;55,60;65,76;72,87;82,83;83,97;88,98;98,107;103,104;106,111;114,134;121,141
32,52;34,44;38,40;45,47;49,55;51,61;55,74;56,57;59,77;67,72
3,17;7,14;17,22;23,35;24,43;29,32;34,41;35,47;43,63;52,61;62,73
41,56;48,63;55,59;65,68;73,82;77,79;85,97;88,104;94,97;100,106;106,110;116,121
27,37;29,48;37,46;46,53;49,56;59,68;63,67;67,76;74,80;76,82;82,96;84,93;93,111;97,110;103,113
26,32;30,33;37,49;46,66;51,59;60,79;67,75;70,85;75,77;83,93;92,108;97,108;107,121;117,120
43,54;51,66;54,65;61,79;71,81;79,83
7,13;11,28;17,28;22,36;31,33;38,40;40,50;47,55;55,72;65,81;74,85;76,92
25,28;30,40;31,51;36,50;37,52;46,50;54,73;60,66;61,77;63,76;64,75;67,82;76,84;83,85
13,24;14,34;21,38;26,31;30,34;35,41;42,55;51,62;55,74;61,65;69,81;74,83;84,97;87,101;93,110
28,40;32,48;36,55;44,52;47,56;50,60;54,73;64,71;69,74;73,81
41,47;45,47;51,71;60,68;65,74;75,89;81,96;82,88;83,93;88,92;94,113;98,109;106,126;108,115
23,30;31,36;33,37;36,47;44,45;48,57;53,71;55,57;64,74
13,33;18,30;21,26;22,32;29,32;39,54;40,41;46,66;48,49;52,65;62,65;68,87
22,27;25,34;31,34;37,39;40,48;42,52;48,66;55,67;59,74;68,81;77,96;84,89;91,107
43,49;50,56;53,61;58,65;68,71;77,79;82,90;89,107
36,55;38,57;40,56;50,52;55,56;65,82;67,84;70,88;71,87;77,80;78,83;85,89;92,107
27,45;31,38;34,39;43,52;53,57
38,42;41,50;51,67;61,70;69,75
43,47;48,53;49,58;57,67;66,72;71,81;81,90;84,104;90,108;91,107;98,118
30,34;37,56;46,58;50,53;56,62;66,71;72,84;74,84;82,100;84,98;93,106
49,68;50,69;59,69;60,62;64,70;74,94;78,94;80,89;87,96;92,95;95,111
35,50;42,59;49,51;50,56;60,78;66,83;76,87;79,94;82,100;92,110;99,108;104,111;112,125
37,43;39,53;43,46;45,60;49,61;56,73;64,68;68,82;75,87;83,88;89,99;92,105;101,109
3,5;10,18;18,35;23,24;25,27;31,46;33,48;35,41;37,39
7,10;14,28;24,32;25,36;26,30;28,39;38,52
47,57;55,56;64,68;72,87;77,81;86,96;88,107;89,103;91,106
21,30;27,36;33,46;43,48;47,59;54,74;62,64;70,80;78,87;81,101;91,104;95,110;99,103
32,35;42,45;50,59;55,65;65,70;73,80
38,46;48,50;54,66;62,76;63,69;66,73;76,86;84,88;86,91;89,99;99,107;109,127
5,18;10,23;15,33;17,35;25,41;34,47;44,52;45,53;49,50;51,54
15,21;16,19;25,32;31,48;37,39;41,52;50,58
20,21;27,34;35,37;45,58;48,51;51,52;60,79;63,70;66,72
9,27;16,31;24,38;28,31;34,36;40,52;50,70;57,75;67,68;72,91;75,88;85,91;90,107;91,105
1,13;5,10;11,23;20,23;26,41;28,31;33,50;41,61;49,56;50,56;52,66;62,72;71,85;81,88;91,97
36,38;38,52;48,58;51,68;55,62;56,63;58,76
39,51;41,59;50,62;57,63;65,73;75,92;78,84;81,88;85,93;86,101;91,109;97,117;99,101
48,63;57,68;64,66;66,86;70,83
33,46;38,44;41,51;42,56;45,60;46,53;50,67;58,73;66,74;70,86;72,86;76,86
44,48;47,55;53,60;59,60;61,74;69,84;76,85;81,99;82,85
2,14;12,30;17,19;21,36;31,41;41,53;51,59
45,60;48,57;56,64;63,81;71,78
8,16;14,33;17,33;20,25;27,29;29,48;37,51;42,60;51,57;53,59;59,65
21,28;30,45;35,46;37,54;46,50;51,71;59,73;61,79;70,89;78,79;86,92;93,97;103,113
32,40;41,55;44,62;49,53;50,58;51,54
31,33;36,44;45,65;51,55;55,59;57,74;65,81;67,77;73,93;76,96;80,98;90,108;96,102
35,49;43,47;49,61;50,62;56,58;57,62;63,72;73,93;82,100;92,98;100,118;102,116;108,121;118,129;125,142
16,31;20,39;24,27;25,43;31,33;32,42;36,50
4,5;13,31;23,42;29,34;37,55;38,44;48,52;55,57;65,66;69,84;72,85
25,43;27,37;36,49;46,62;54,58;64,78;70,75;80,95;89,92;97,115
47,67;53,55;61,65;66,85;72,82;74,85;76,94
7,20;16,33;23,25;25,37;31,41;36,55
23,40;30,41;38,39;48,52;51,63;54,63;61,64;62,79;69,75;71,75
26,28;28,29;35,54;36,42;45,52;50,70;53,54;58,72;59,71;62,69
37,44;39,50;41,50;48,66;50,62;55,70;65,72;71,80;73,91;79,82;89,95;94,96;104,114;109,123
38,49;42,48;47,52;51,60;60,64;63,75;69,82;71,78;79,92;84,102;89,90;96,107;98,103
4,21;7,13;10,21;11,13;12,21;19,27
19,26;27,38;37,52;47,62;56,73;58,67;68,87
5,15;6,7;14,20;21,26;29,30;37,50;46,57;56,67;65,84;72,79;78,98;88,89
25,40;31,40;34,44;39,50;41,59;44,58;53,61;61,75;69,78;71,88;76,84;78,84;81,84
3,23;7,24;11,13;16,29;20,35;28,35;33,36;38,53;47,57;49,66
34,50;39,43;46,53;49,66;57,73;62,82;63,70;72,87;76,94;83,86;88,94;94,102;102,117;108,112;110,115
25,29;33,46;40,56;49,55;57,76;67,78;69,79;73,80;80,95
40,57;41,59;51,67;54,69;60,77;70,83;77,79;83,89;85,92
32,43;42,44;48,56;52,69;57,74;63,75;73,74;83,90;84,104
31,33;41,43;46,62;56,69;59,64;60,76;69,76
44,54;49,52;54,55;60,69;68,73;69,72;71,72;74,87;81,86;87,95;94,106;99,108;107,119;109,111;118,137
44,50;54,72;61,76;69,83;70,89;80,81;84,88
19,37;21,39;24,41;26,38;32,41;39,48;49,58;59,60;60,68
13,33;20,25;22,38;31,51;36,49;43,49;46,56;50,65;57,63;61,70;62,78;67,74;69,78;70,73
50,66;57,76;60,73;61,62;69,82;71,81;73,92;82,92;86,99;92,96;101,103;106,117;115,135;117,126;124,138
45,61;52,69;61,80;67,74;68,83;77,87;85,87;90,106;100,115;102,113;108,111
22,26;25,44;28,42;29,45;36,47;42,44;43,62;51,57;54,73;62,76;72,84
15,21;21,24;24,41;33,51;43,63;49,67;58,70;63,71;67,81;77,93;86,93;87,106
19,31;27,38;32,51;39,47;42,54;48,67;55,75;56,66;66,70;70,90;72,82
12,20;22,34;27,38;36,47;42,48;51,70;58,70;63,76
17,21;21,23;24,36;25,39;30,44;37,54;47,62;50,70;51,59;56,74;65,67;69,75
20,31;29,46;37,43;42,45;44,50;54,64;64,65;71,87;74,94;82,85;86,105;89,97
34,35;40,57;47,51;56,71;59,64;61,81;64,69;67,83;71,86
41,49;44,59;45,64;52,68;54,71
44,45;50,59;59,62;67,69;76,90;77,78;81,83;88,106
21,31;26,45;36,50;38,41;42,46;51,66;55,60
16,19;18,33;25,31;31,39;39,49;49,51;56,58;64,79;70,79;79,88;86,93;91,110;96,103;99,101
7,8;8,20;9,22;13,30;23,32
15,22;19,24;29,33;34,53;40,60;45,46;47,58;55,72;62,72;64,70;72,88;76,86
46,66;53,56;56,68;66,76;71,81;80,100;88,102;95,97;97,101;104,110;111,130;120,122
7,27;15,16;16,29;19,31;25,37;30,37;35,46;42,58;46,66;52,72;59,60;68,88;71,72
49,57;53,67;61,79;69,78;70,82;79,92;87,94;94,112;102,119;105,118;112,131;122,139
29,42;35,47;43,55;45,47;55,73;65,68;66,71;68,79;77,87;86,91;90,91
4,21;6,18;7,22;13,14;23,42;24,33;26,41;36,54;43,56;46,51
10,20;14,23;18,34;21,22;30,34;33,42;35,49;45,50
45,56;53,65;55,60;62,79;63,72;69,78;74,77
17,22;24,25;28,40;32,52;42,52
7,17;8,11;18,34;27,46;36,46;45,59;55,57;59,63;64,81;66,86;73,86;77,81;87,99;95,98
13,29;18,20;19,31;22,32;29,44;31,35;32,52;37,51;39,52;42,54;45,54;55,70;56,65
6,22;12,28;21,27;25,44;35,52;36,38
20,21;21,35;28,38;30,40;31,48;40,57;46,50
40,52;43,60;53,73;57,75;66,74;70,87;73,79;75,89;78,93;83,90;93,98;99,100;102,122
4,18;6,13;12,13;19,36;27,39;37,57;47,67;56,63;61,71
26,41;29,37;33,48;41,60;46,56;55,60;58,74;66,68;67,68;70,74;80,97;87,99;89,100
40,54;44,62;48,63;53,67;62,76
48,55;56,57;60,70;65,67;66,73;72,81
9,10;19,28;20,23;30,39;36,55;40,52;47,61;50,63
11,18;20,32;21,24;23,27;26,28;28,29;38,48;42,49;46,62;55,66;57,68;59,71;64,76;74,85;76,89
24,37;32,35;35,41;45,65;54,68;60,79;68,71;75,93;76,81;85,91;95,96;97,108;107,122;109,110;118,120
14,34;21,30;23,24;32,38;41,42;49,69;50,64;59,70;69,89;72,78;75,76;85,91;89,104;94,103
37,49;43,51;44,51;52,71;58,74;64,79
27,28;29,38;32,48;36,42;44,57;54,73;62,80;67,80;73,83;75,78;76,82;77,87;85,97;87,90
13,14;23,32;30,34;31,32;37,55
2,17;8,20;11,30;16,36;23,39;27,42;33,39;37,39;39,44;45,59;54,74
48,64;51,57;53,57;54,59;63,79;66,80;73,78;79,97;89,99
34,37;40,50;48,49;52,55;62,77
48,65;49,54;51,69;59,64;68,86;73,76;80,83;85,104;90,95;99,104;107,125;115,128;117,125
18,36;20,31;23,29;26,45;36,55
10,21;12,14;22,42;24,29;33,34;42,59;51,63;59,74;66,69;69,84;74,86;83,99;89,100
46,57;55,63;65,71;70,80;80,95;89,109;90,92;95,98
17,30;22,27;30,47;32,33;35,36
27,31;29,36;39,44;41,57;44,45;48,56;52,69;59,78;69,72;72,83;79,98;85,86;89,103;99,113
36,44;45,54;50,64;55,68;58,73;67,75;75,86;79,85;85,89;89,95;95,99;102,118;106,113
27,45;37,50;40,52;46,61;47,67;50,53;51,61;57,72;62,74
24,27;27,33;34,47;38,39;40,60;49,67;59,63;65,71;75,80
41,59;46,47;50,65;56,75;65,79
49,64;50,66;58,65;65,77;70,81;71,76;74,91;84,90;87,89;96,112
7,17;14,23;15,24;23,35;24,39;34,39;42,48;46,61;54,63;64,82;66,75;70,81;72,77
34,54;36,39;40,42;48,61;55,60;63,82;71,88;73,76;75,79;78,96;83,90;93,97;94,98
2,19;11,26;16,19;24,39;26,32;33,44;34,50;36,48
43,62;51,58;59,73;69,84;70,89
37,55;44,64;45,52;53,63;63,82;70,80;76,91;77,78;80,87;83,103;88,98;89,100;99,111
14,33;20,32;22,25;26,29;31,38;38,52;41,58;51,65;56,76;59,73
44,59;47,54;54,72;62,76;72,86;76,96;81,93;85,101;87,93;95,97;97,114;103,114;112,117;118,128;124,133
12,27;17,34;18,27;22,36;31,39;35,48;37,51;43,55;45,52
12,30;19,39;21,24;24,42;26,44;36,47
27,32;33,36;37,48;40,54;48,51;49,56;55,67;56,67;60,63;63,74;67,79
50,62;51,65;56,67;65,74;69,77;73,84;75,79;76,89;81,101;84,95;88,108;95,112;101,105
29,39;39,57;41,45;49,60;59,79;69,84;73,76;79,92;82,86;86,99
32,34;39,44;45,64;49,69;57,65;66,85;71,78;72,82;79,80;84,89;90,110;94,110;104,115;107,112;113,115
7,27;17,21;21,23;30,37;32,38;34,35;38,44;41,55;49,62;54,61
6,13;12,27;15,30;24,41;27,47;34,45;43,63;49,58;51,56;52,66;53,68
3,22;4,7;12,32;15,24;20,32;22,39;26,46;27,34;32,36
40,54;50,52;53,65;61,72;65,68;75,94;84,103;88,98;90,99;92,109;93,98
36,47;45,56;49,54;58,67;60,71;65,70;67,86;75,76;80,99;86,102;88,103;93,104;98,107;108,127;118,119
5,19;8,27;18,36;21,27;28,47;35,47;39,42;40,51
24,44;31,47;39,48;40,53;47,65;54,72;56,69;57,75;60,72;66,68;71,80;77,92;85,103;89,103
25,37;33,36;40,53;43,46;47,60
23,29;32,37;33,38;40,50;46,63;49,57;50,66;55,75;65,85;68,72;69,89
12,14;18,37;21,29;29,46;32,50;33,51;43,51;50,56;56,65;62,81;65,70;71,72;74,83;81,96;90,109
16,30;23,25;24,34;34,35;36,53;44,46;54,71;59,79;63,72;71,81
22,32;23,35;24,27;31,47;35,46;36,48;44,46;54,68;59,78;63,69
6,17;9,28;17,25;27,37;37,53;41,45;47,55;50,54;51,68
48,62;58,70;60,78;64,75;71,81;81,88;84,95;87,107;96,115;97,115
49,56;56,57;66,81;74,92;76,84;80,83;84,102;86,93;92,111;100,109;106,117;116,124;121,126
17,26;27,34;32,51;41,44;43,47;50,51;55,68;60,64;63,80
25,34;32,47;42,48;51,62;54,63;58,61;62,64
35,39;41,54;42,56;47,65;49,69;50,62;57,59;58,78;63,64;72,85;78,91;82,101
11,15;21,41;27,45;34,52;44,45;47,48;57,63;64,81;66,73;70,90
35,50;40,45;50,64;60,61;69,73;79,91;87,103
23,28;32,39;42,46;52,64;54,60;62,74;70,84;73,86;81,97;88,101;95,96;103,112;110,125;113,126;123,138
9,12;16,29;25,30;27,42;30,49;39,56;44,46;53,71;60,67;65,71;72,92
47,67;57,64;65,81;75,77;85,94
45,52;53,69;59,68;61,66;64,83;70,74;80,89;89,108;92,108;94,104;99,104;100,104;105,115
21,34;25,40;35,39;42,44;51,66;56,66;60,65;67,79;70,72;76,82;86,96;90,109;92,94;94,97
26,31;36,52;43,46;52,64;59,71;65,77;68,86;75,77;84,88;91,97;94,105
50,66;58,64;65,79;72,90;82,89;87,103;88,95
22,37;25,28;33,35;40,56;43,49;50,56;52,57;62,71;71,81;80,90;83,99;93,98;103,106;110,120;117,130
14,28;21,29;28,39;37,38;41,60
50,58;60,65;61,71;68,69;77,78;81,101
5,18;7,19;12,25;21,25;27,35;32,38;39,59;41,54;49,61;58,72;63,80;70,86
25,38;34,45;41,46;46,62;51,58;59,69;63,82;69,76;78,86
40,49;46,65;48,65;58,77;63,74;68,76;71,73;79,97
24,36;33,45;43,60;45,59;48,63;50,67;56,71;66,85;71,90;78,85;85,94
38,47;47,56;56,70;61,81;64,75;70,77;78,91;85,88;91,98;98,104
43,54;50,61;52,57;61,80;67,81;77,90;78,91;81,93;84,90;85,100
49,55;57,75;64,80;68,78;73,84;79,90;88,100;91,97;97,113;107,117;110,114;117,131;124,140
32,42;34,50;44,50;49,65;53,59;58,71;63,71;65,82;66,83;71,88;79,88;87,89;89,105
7,23;9,16;19,20;25,40;35,47
38,39;46,56;51,61;58,65;63,81;67,71;76,93;78,97;83,90
28,47;30,31;37,50;43,48;44,46;50,66;60,72;64,77;74,75;76,90;84,94;94,107;101,113;110,130;116,129
34,52;38,49;42,59;45,53;52,67;54,61
21,26;22,28;27,42;34,45;44,54;45,59;48,68;50,65
23,34;33,46;41,52;48,67;57,58;65,66;66,83;70,71;73,74;77,95;78,84;86,89
29,34;30,40;39,51;46,56;52,67;57,75;58,70;68,73;71,73;72,81;78,94
5,19;14,27;23,43;30,42;40,45;41,55;46,49;52,53
4,13;10,15;15,21;22,42;32,52;34,49;38,40;45,54;51,58;60,77;66,75
25,35;31,42;41,58;42,44;48,49;51,60;56,63;63,68;70,81;77,78;78,94;85,104;90,110
9,22;10,17;13,21;17,23;27,47;29,33;35,54;43,61;49,64;59,68;63,72;73,76;77,88;80,84;88,91
23,25;29,42;30,41;32,33;36,42;43,61;53,55;63,81;70,82;74,75;82,95
34,39;44,56;51,69;60,66;69,85;75,82;84,93;85,99;94,100;101,118;106,122
21,40;26,37;34,48;37,38;42,55;47,51;56,76
25,35;32,34;36,39;45,52;48,60;56,75;66,69;71,74;74,94;81,86;83,85;91,104;99,117
36,39;46,49;52,64;58,68;63,78;72,79;74,90;75,87;83,102;92,94;99,117
42,45;43,58;44,51;54,60;63,70;67,72;74,89;77,92;79,97;84,96;88,90
8,21;12,26;18,30;19,32;27,28;28,43;35,43;41,56;42,46;48,60;58,72;63,80;66,73;71,80;79,80
3,18;6,21;15,24;17,24;19,25;20,37;30,31;37,54
19,32;22,41;23,42;28,47;32,41;37,57;44,55;45,60;48,57;52,65;56,62;63,72
45,58;51,62;54,60;59,67;68,70;72,92;79,81;89,105;98,102;103,118;107,122;111,126;119,133;121,123;123,139
12,31;15,24;19,21;23,29;32,36;34,39;40,51;44,59;53,61;63,69;64,73;69,84
38,49;45,54;49,51;54,73;62,70;72,74
13,18;17,34;27,31;36,50;41,53;49,60;50,69;53,64
46,55;51,59;56,70;66,71;73,77;74,88;75,91;76,92;84,89
32,48;41,50;47,67;52,66;62,82;66,74;71,75;78,89;84,91;93,104;101,117;106,120;116,134
25,32;32,43;42,49;43,54;51,64;59,72;60,64;62,68;72,84;82,94;84,97;85,92
19,26;24,42;25,37;30,37;35,51;41,44;43,59;50,54
17,20;22,25;31,33;38,42;45,58;51,57;58,74;61,70;63,67
10,21;18,32;20,21;30,36;38,47
45,56;48,55;49,55;59,68;67,76;77,86;83,90;89,95;96,103
41,52;46,66;52,69;56,76;58,64;64,65;69,88;79,87;86,91;87,89
36,48;41,49;42,55;45,53;55,73;62,76
20,22;21,28;29,41;30,31;37,55;45,51;54,57;59,71;60,61;67,82;75,79;79,95;86,100;92,100;100,120
36,50;44,51;45,56;47,59;57,68;58,73;67,84;68,70;76,95;84,91
32,42;36,49;44,54;54,64;58,64;67,80
3,7;8,9;16,19;25,26;32,45;38,50;48,56;55,75;57,64;62,68;70,75;76,79;82,93
34,45;40,54;44,60;51,66;55,66;62,65;71,84;76,88;81,97;84,96
33,41;40,57;45,58;51,58;60,76;70,84;76,89;83,94;87,99;88,105;89,96;98,113;102,112;104,121;110,122
43,56;52,56;62,67;65,77;73,88;74,88;83,97
3,13;11,22;20,23;24,31;30,32;40,42;44,52;45,63;51,65;57,58;58,67;63,82
43,63;51,52;58,75;60,75;68,84;69,79;72,89;80,83
19,24;23,34;25,35;30,31;33,34;42,45;48,65
9,13;17,33;19,38;20,39;26,33;29,45;39,48
23,35;25,35;27,43;29,40;34,52;36,44;45,50
8,14;9,25;11,26;14,33;22,25;26,41;33,44;43,62;51,67;59,77;69,74;72,83
19,37;23,33;28,37;33,39;39,40;40,46;49,63
1,14;10,29;11,18;16,17;20,31;25,37
35,41;38,51;47,65;53,60;59,70
47,59;56,73;65,66;70,82;74,87
21,37;31,41;38,50;39,46;49,53;59,60;68,71;74,78;81,88;85,96;95,110;103,106;106,107;108,114;109,111
9,28;12,23;20,24;26,35;27,43
31,43;37,46;47,53;50,63;54,74;60,67;69,85;79,97;86,91
48,49;51,57;55,72;60,62;64,79
21,34;30,41;39,55;48,64;56,66;59,61;69,79;71,84;80,84
0,7;3,8;5,9;6,17;11,17;21,26;23,24
40,47;50,64;58,73;66,85;73,74;81,85;84,91;89,92;90,102;99,118;103,116;104,123
21,28;24,41;26,42;36,47;43,62;48,62;52,63;53,55;61,73;65,71;72,91;82,90
43,45;50,55;59,70;67,80;71,78;75,85
7,20;9,14;13,21;19,33;25,38;28,38;31,44;37,54;43,44;45,54;55,66;62,64;72,75;82,89;90,106
25,40;29,43;30,44;40,54;48,65;53,64;57,73;61,78;69,71;75,84;76,77;79,98;84,91;92,99
0,12;4,8;9,19;10,30;17,25
6,9;10,17;19,36;28,43;36,41;46,47;51,69;60,80;62,80;67,75;71,83;75,93;78,85;83,94;91,103
39,57;48,61;49,59;50,57;57,62;58,62
17,18;19,36;28,36;32,35;33,52;35,50;43,49;47,56
28,42;37,40;39,49;44,48;50,60;51,56;58,72;60,77;61,76
27,34;29,39;35,38;45,48;47,48;55,61;59,61;65,85;70,83;76,86;80,93;89,108;98,106;104,115
27,29;34,48;43,50;47,54;48,65;52,63;55,61;64,68
50,65;52,72;59,60;63,74;64,83;66,73;72,88;77,82;85,103;93,94;100,115;105,107;112,120;113,128
15,29;19,36;20,38;23,30;28,39;38,43;44,59;52,58;59,70;62,72;67,81
7,19;11,16;18,33;21,28;31,38;41,53;43,57;44,53;45,49;54,72;64,74
11,21;14,22;17,19;21,39;22,29;25,39;28,35;34,46;38,42;41,45;45,57;53,54;58,75;60,64
36,42;46,56;51,54;52,61;62,82;69,76;79,99;88,107;91,107;99,115
8,13;17,28;23,35;27,36;30,35;37,45;43,46;49,57;50,59;59,73
19,23;21,31;29,42;30,37;38,39;46,53;55,63;64,68;72,83;80,90
16,19;21,41;27,45;37,56;42,46;44,64;51,63;61,81;69,86;77,81;84,95;90,104;95,110;99,104
16,23;26,45;33,35;38,56;42,60;46,51;51,63;58,60;66,74;74,90;79,90;85,101;90,94;94,96
21,23;30,45;39,42;47,60;55,71;63,81;68,83;72,87;76,86;78,86;87,104;90,109;95,110
0,1;3,11;8,17;13,23;14,29;23,42;33,52;39,50
10,26;11,28;15,33;24,31;25,26;31,37;41,61;46,65;56,74;59,64;69,71
5,19;12,15;17,28;23,40;26,43;30,32;35,39;45,48;46,60;56,58
23,36;27,29;34,53;38,43;48,50;54,67;62,67;66,85;75,83;85,89;87,107;91,104;98,111;103,115
32,52;34,43;40,47;48,67;52,65;59,77;65,80;73,82;81,82;90,103
12,16;17,22;19,33;27,34;30,36;32,46;37,44
4,20;5,15;14,18;23,24;29,36;37,54;40,58;46,49;50,57;57,63;63,73;64,82;67,74
26,28;27,36;28,44;30,36;38,45;43,52;49,60
18,21;24,26;32,36;35,36;42,62;43,57
47,54;50,70;60,64;65,78;69,85;79,84;81,92;82,86;85,104;87,101;93,106
11,15;18,25;22,36;26,45;32,41;38,40;47,65;53,68;58,60;62,71;71,82;77,84;83,91
25,37;26,44;27,35;28,45;29,39;39,55;40,57;41,46;48,54;49,64;57,69;67,82;74,75;81,92;87,90
46,58;50,53;58,77;64,65;68,83;78,98;81,91;90,97;97,115;98,111
9,11;19,32;20,30;21,32;29,45;30,50;31,43;33,36;43,61;44,54
25,43;31,44;41,61;44,64;53,73;58,66;65,81;70,82;73,80;82,90;89,101;94,95;101,120
35,55;40,51;46,65;56,74;62,74;69,85;73,79;78,95
20,23;21,41;26,37;35,43;45,53;55,67;60,65;64,72;68,88;73,74;79,84;86,98;92,103;96,115
12,28;17,18;25,38;35,46;39,43;48,64;57,70;63,74;65,70;70,74;75,80;77,83;87,107
35,42;38,46;47,65;53,73;56,76;60,73;66,79;75,76;82,100;92,105;100,111
0,3;4,24;9,29;10,27;14,27;16,22;21,24;23,43;24,41;29,39;34,40;37,40;43,62
11,26;17,18;26,31;28,33;37,54;47,65;57,75;67,78;76,77;78,84;87,106;88,90;94,114;98,111
40,60;41,58;48,57;49,67;55,61;65,68;66,79;73,91;83,101;88,100
1,10;5,11;15,23;21,40;28,36;36,49;37,47;47,50;57,58
38,54;41,52;44,53;53,60;56,73;61,64;69,82;77,89;81,87;83,85;92,95;93,98;103,115
47,57;56,61;65,77;67,71;75,81;84,98;92,104
31,40;40,47;49,64;53,66;58,77;66,75;73,82;77,94;86,90
36,48;43,61;45,64;55,69;64,82;66,81;73,78;83,100;87,106
17,29;19,28;26,39;29,42;34,45;39,48;41,61;43,60;48,57
44,64;48,50;56,60;57,59;65,69;73,75;81,96;86,88;87,91;91,109;98,106
13,24;23,39;29,47;36,50;39,58;47,64;53,67;61,64;63,64
13,31;20,25;28,35;36,44;42,43;47,52
48,67;55,64;59,73;64,82;73,82;76,85;77,95;87,106
39,41;48,62;54,61;63,69;71,86;72,77;74,76;83,87;91,103;94,111;98,115
13,17;21,26;22,33;24,25;28,48;32,38;36,37;38,48;40,59;48,51;58,73
3,23;9,10;12,26;21,36;31,45;33,52;39,41;48,53;51,65;60,64;67,73;68,75;75,81
3,20;9,28;10,21;11,26;21,22;28,46;36,54;41,56;43,53;48,58;51,61
34,44;40,44;43,50;51,71;54,57;62,74;70,71;75,83;78,96;84,86;86,87;92,95;96,112;102,110;107,108
47,63;56,62;60,67;65,66;74,92;75,77;80,94;88,107;93,105;100,113;108,110;111,120
46,47;56,74;61,68;65,76;69,80;75,95;82,88;89,107;91,96;96,103
1,18;10,11;19,22;26,38;31,33;40,56;44,52;45,61;49,62;55,60;59,65;68,72
17,30;22,24;25,34;31,34;41,50;43,51
8,25;9,26;10,17;17,27;22,40;27,37;30,40;39,42;43,44
13,23;22,30;28,32;31,40;38,54;47,61
22,37;23,38;25,34;28,40;32,50;35,44;45,59
32,34;40,46;43,47;50,59;57,61;65,80;74,82;75,88;81,84;84,93;85,87;93,100
1,15;2,5;9,29;14,17;15,31;16,35;20,34
41,54;43,45;46,49;55,63;60,72;70,74;78,90;85,98
10,24;18,36;26,34;31,41;33,52;38,58;48,60;49,58;53,63;63,72;64,83
11,19;17,20;25,42;30,43;40,47;45,52;49,62;52,59;54,57;60,77;69,82;77,78
3,5;9,27;11,13;14,24;24,43;31,50
48,58;50,51;59,69;60,73;67,78;75,92;84,85;88,95;92,111;94,99;97,98;105,109;115,131;116,132;122,135
11,23;20,23;25,35;28,39;31,48;33,42
10,12;16,36;17,36;21,22;28,48;30,37;38,54;43,60;46,58;49,55;55,58;57,63
49,66;57,61;64,75;71,90;78,91;88,105;90,94;94,109;101,107
7,22;14,34;20,29;24,44;29,37;34,40;39,50;47,53;57,58;60,73;66,81
1,2;9,20;19,29;28,47;29,33;31,50
3,16;11,12;19,34;21,23;24,41;33,34;38,52;43,47;52,65;57,59;61,81;62,75;63,66;66,69;72,77
23,28;33,52;43,51;52,60;57,61;62,67;63,76
1,8;6,26;7,17;11,30;14,25;23,36;26,40;33,35;37,47;38,49;39,47;43,48;48,55;52,62
16,23;26,30;29,41;39,41;40,42;45,48;52,65;57,70;58,60;65,76;72,85;81,93;91,95;97,113
22,30;32,35;39,58;48,63;55,69;61,76
7,22;8,25;9,13;19,21;21,24;30,40;36,44;42,57;48,50;50,56;56,59;58,74;67,86
3,21;7,15;13,30;20,25;28,41;36,49;46,52
1,8;8,14;16,32;26,27;30,44;38,47;40,45;41,51;48,66;50,68;60,66;68,87
22,38;24,37;25,33;28,47;30,48;40,41;44,63;45,55;50,52;60,70;69,81
26,36;31,45;35,47;45,56;50,70;56,62;66,74;69,76;79,92;85,95;91,98;98,106;99,111;100,102;109,110
42,56;44,48;52,67;54,65;56,64;61,75;70,84;73,77;74,75;75,86;81,82
13,33;14,24;24,40;33,36;39,53;42,54
11,25;13,19;15,25;22,41;28,40;38,48;45,46;46,48
30,32;37,42;38,42;42,47;50,56;60,77;68,86;69,70;78,87
24,34;31,47;38,49;48,50;52,66;57,75
44,45;51,67;58,71;59,68;63,67;72,88;80,89;86,104;90,100;95,106;98,102;103,115;107,117;108,116
5,14;7,15;16,18;25,43;33,52;34,36;36,55;42,51;48,49;50,68;58,75;64,82;71,75;77,90
14,23;16,19;17,27;24,42;32,34;40,54
7,17;13,30;20,35;21,27;25,43;35,50;39,49;40,48;41,51;43,52;51,60
39,56;43,60;50,65;51,66;52,57;55,59;62,75
19,26;24,41;34,38;36,47;38,41;40,58;48,66;56,71;66,82;72,76;77,96;86,94;91,98;101,117;107,118
45,54;50,55;60,66;63,71;72,80
15,32;21,29;26,46;36,46;43,45;48,55;56,61;63,66;64,79;74,75;79,84;86,103
21,35;31,36;35,50;39,53;47,50;49,55;53,71;54,62;63,70;69,89;75,79;78,82;81,92;90,91;93,110
43,53;44,63;50,63;59,73;61,76;62,78;72,87;81,88;87,94;92,93
10,29;13,29;15,18;17,28;19,38;20,25;25,38
38,51;42,43;52,67;62,81;63,71;66,67;74,83;84,90;93,95;100,119;109,115;116,125
13,31;16,24;19,32;20,38;23,39;26,43;27,37;31,34;38,52;42,60;46,65;55,70;56,60;58,75
48,55;58,71;66,70;69,82;73,93;83,92;93,101;101,102
44,47;52,59;59,79;68,74;73,80;79,82;86,87;91,97;99,114;105,124;113,133;114,119
20,39;29,41;37,48;47,60;51,69;56,73;60,76;70,80;79,95;80,98
44,53;47,52;53,64;62,66;65,73;66,76
32,45;34,42;36,38;37,53;38,49;44,54
34,38;44,48;48,62;51,59;61,64;70,82;76,85
19,25;22,25;30,38;31,40;40,55
36,55;42,54;52,53;61,79;62,80;71,82;75,86;79,94
45,46;47,48;56,63;62,77;63,73;70,76;72,79;78,85;80,99;87,103;90,95;96,107
50,57;60,76;61,65;68,86;73,93;79,92;89,100;94,109;104,106;110,122;119,133;121,130;122,129;130,131
47,59;51,61;61,80;65,68;72,79;81,99
7,9;17,26;24,34;30,38;37,40;40,57;50,63;60,62
15,28;18,27;23,34;24,37;26,44;33,34;35,36;44,50
46,48;54,56;63,82;70,83;78,86
25,29;34,43;44,56;54,58;64,69;71,79
16,18;23,26;30,41;36,37;43,52;49,61;53,54;54,70;63,81;68,88;71,82;76,80;79,81
3,8;10,11;15,24;16,22;17,26;23,35;27,42;33,40;35,38;39,45;42,55;45,52;52,69;57,72;62,82
14,23;24,40;28,47;38,47;47,52;48,53
36,55;42,52;51,57;55,70;59,72;67,82;69,86
29,39;38,46;46,56;55,63;56,75;63,70
44,56;48,59;57,75;58,75;68,87;73,75;83,84;90,98
13,16;22,29;25,30;29,38;32,43;35,46;37,39;38,55;45,60
49,68;51,70;61,76;66,76;71,85;80,91;81,89;91,107;96,100;103,115;104,111;107,111;114,127
40,47;46,56;50,56;54,65;57,68;60,71
29,43;38,41;39,50;45,60;47,55;52,70;59,62;69,80
10,22;17,25;25,32;35,49;44,47;50,65;56,70
42,60;51,53;53,64;56,74;60,66;61,64
10,24;12,16;17,34;23,24;25,29;29,33
28,41;35,52;38,47;39,50;44,62;45,64;48,56
44,50;53,55;62,69;67,69;72,90;81,100;86,90;90,104;98,108;105,121;109,116
15,30;16,26;18,38;28,31;37,51;47,64;49,66
16,18;19,38;21,39;25,42;30,36;40,49;43,57;49,51;53,63;62,80;72,77;77,79
49,52;53,73;56,68;65,67;68,70;78,85;84,103;94,99;102,108;105,116
42,56;46,66;55,68;58,68;62,78;72,78;80,100;86,102;94,102;101,120;106,125;114,129;120,130;121,139;127,141
19,34;29,36;30,45;39,46;41,57;43,57;47,53;56,73;66,86;67,77;75,78;84,103;92,107;94,107;101,119
23,42;27,33;30,50;38,50;47,59;48,55
15,22;22,23;24,30;27,40;32,46;41,42;44,61;50,56;58,59;66,68;68,69
37,44;46,58;50,51;51,67;53,68
40,51;47,59;49,56;59,60;65,68;68,82;69,84;75,78;83,94;84,85;90,98
28,45;31,37;32,37;33,34;34,41;41,56;47,50;56,67;62,73;67,76
3,13;8,27;18,19;22,26;23,38;32,36;34,46
50,63;54,70;58,76;62,63;70,77
20,38;22,26;28,48;29,39;31,38;41,52;50,54;54,62;63,72;70,81
46,65;48,59;49,65;53,56;63,82
37,48;39,55;41,43;51,58;58,63;64,72;66,70;68,79;77,80;78,92;86,103;95,113;100,102
9,17;18,21;23,35;32,35;35,55;45,47;51,61;61,65;66,79;76,92;79,97;81,101
1,17;6,24;10,27;19,29;21,23;23,25;24,43;29,38;34,49;39,43;44,59
32,44;41,52;44,57;54,66;57,71;67,87;69,79;76,85;86,91;87,88;96,110;106,108
17,18;24,39;27,45;28,33;34,41;35,48;44,61;47,53;55,73;56,65
5,13;7,12;11,13;18,26;20,30;29,47;39,53;41,56;48,51;50,67;53,54;59,61;69,81
32,42;41,54;46,47;51,55;54,67;58,68;59,76;67,81;74,88;81,83
30,37;40,46;45,63;50,65;56,67;57,72;64,76;65,76;71,77;74,86;76,79
14,16;19,35;27,40;34,51;42,54;44,54;49,59;54,71;59,78;61,63;68,85;71,80
24,41;26,46;30,48;39,59;42,52;52,72;55,59;57,75
23,25;24,40;26,28;27,34;30,31;40,47;48,64;55,73;64,65;70,81;79,84;80,89;88,95
33,47;35,36;39,50;47,64;49,63
46,64;52,72;55,63;64,83;66,82;75,87;81,98;88,96;93,99;97,107;100,104;107,120;111,114
49,58;58,69;61,63;66,83;73,92;76,82;78,92;85,96;86,104;96,114;100,102;109,111;113,131;114,125;121,127
48,52;56,75;66,83;69,88;76,88;77,89;86,96;88,102;96,101;103,116;105,123;115,123;123,136
