-2,27,-17,-34,-8,-21,45
-49,15,-48,39,-14,-8,-6,-45,8,5,-5,-21
-16,43,32,26,-42,-38,-32,-25,14,10,-31,-7,48,-31,27
-8,-7,-17,8,-5,25,41,-39,-44,49,1,-44,-47,35,24,29
-29,-8,28,5,48,22
-22,-7,-22,-34,-25,45,-11,13,45,-20,29
-10,44,-31,35,12,-6,-41,10,23,22
-22,3,46,9,42,15,39,9,15,18
-11,-36,-6,32,13,-26,-10,-23,39,-16,24,-48,-30,19,-36,41,-3,21,2
-45,40,-11,-16,22,38,-37,38,5,11,20,-45,26,1,-2,-1
-10,-31,-13,-17,45,-27,-16,35,38,-7,-8,-20,49,31,-3,24,47
-36,-50,-14,-20,19
-49,30,49,-14,-46,45,19,39,17,-20,34,-34,4,48,5
-38,23,-27,2,-20,-39,41,32,-42,-27,-26,-7,-10,7,-13,-17,-13,-40
-5,-39,-7,-12,12,29,29,-13,6,26,-31
-36,-37,36,50,6,45,-43,-49,-49,16,-14,6
45,46,2,2,27,-6,10,44,-6,17,-4,-33,-13,18
-21,31,37,41,17,-2,-14,14,32,-43
47,-15,-3,-1,44,21,49,45,39,22,47,-31
17,-25,-24,11,-48,11,-50,-50,-32,47,-1
39,6,-33,12,22,3,-30,41,-27,37,-34,-33,15,-29,20,-26
5,3,12,21,-32,2,-26,17,1,30,-5,-45,10,-24
-10,32,-30,46,7,50,-19,27,-12,25,-42,-14,-30,10,49,31,-10,15
43,14,28,-11,-39,-16,35,-15,44,-39,6
-14,-41,-6,18,33,19,-27
14,42,-33,45,28,15,-8,34,0,-35,43,-38,45
22,-39,40,35,34,22,37,28
-12,2,-7,-18,11,30,43,-24,14,-5,-29,-50,12,-41,-36,26,44,47,17
6,-28,39,22,-47,34,-18,-20,-14,-36,47,39,-23,-9,-34,25,43,-10,43
-31,-43,5,11,-23,-7,-14,0,-6,24,11,-49,46,-35
40,8,44,-12,-7,15,37,-4,44,-28,-12,2,1,-6,18,4,31,-2
30,-16,19,15,-49,-11,7,-14,-25,36,2,27,36,41,-34,-40,-16,22
32,-10,36,26,6,-26,-33,0,-49,9,3,46,33
11,46,45,-36,-11,26,-32,-2,45,47
46,39,45,50,21,-24,24,-15,36,-20
31,30,23,5,43,-20,4,50,3,25,-4,-35,-40,41,3
-23,-28,10,-39,-15,41,45,-27,15,14,-41,50,13,-28,16,8,-16
-38,25,49,-7,19,-28,46,-49,-36,37,-26,-49,-47,-47,-23,25,0,-43
14,34,0,-32,11,-41,44,-27,-1,40,-12,25,-35,-8,17,35,-14
-41,49,29,-9,36,27,35,41,-4,-40,-21,-6,-18,-20,16,48,17,-27
48,-45,23,12,26,-20,-44,-7,-35,1,-36,-44,-18,-25,-37,-4,-37,7,-18
46,-18,-5,-38,-12,-46,-20,-23,-22,20
-3,-41,7,-45,-18,-6
-22,28,-43,-3,-34,-23,8,-32,-37,44,-33,14,-3,-17,48,46,-42,2
40,-27,-45,15,-21,22,-20,-30,-41,-40,-35,-34,-20,22,-30,-19,-32,-47,-35
23,-34,33,10,-46,20,-29,-47,-19,4,30,-3,19,20,44,-32,4,-21
34,36,-8,-42,36,0,14,34,31,-36,0,-13,-37,29
-1,-40,1,27,-37,-45,-28,25,-15,36,14,-39,-18,-49,11,-43,-43,-30,31
-22,-16,-30,46,-35,-24,-40,14
-12,46,-3,-30,-36,47,34,43,-35,30,-43,-18,-6,8,34,-33,-40,-26
13,-25,-2,-34,1,-20,-48
8,-48,-21,-8,17,-7,50,-8,12,44,-2,-20,17,2
35,34,-40,34,-35,-4,47,-47
-7,38,8,-26,-23,-43,9
40,-43,31,27,-41,2,-7,0,-36,23,-13,39,27,32,23,44,-40,-36
-17,-42,28,-48,-16,44,-31,9
-39,40,-8,-35,43,-6,13,-2,-20,-29,21,-29,18,5,-22,-20,50,48
5,-18,-20,-22,-6,40,28,30,-21,-46,-3,2,-11
48,-2,-18,6,-46,49,38,-45,36,-14,32,-46,44,-40
47,-28,-6,-38,-8,-10,-45,-11,-21,31,37,48,-30,-3,-20
4,-22,-26,-35,-50
19,12,15,-20,-45,28,49,-16,15,4,-13,1,41,1
43,31,14,15,31,0,31,25,17,14
-39,-28,30,16,-22,-32,27,8
50,23,28,15,11,50,48
-6,-39,-28,23,8,-15,28,31,32
18,-39,-1,-11,-10,44,-18,-42,36,-4,15
34,-44,-26,-41,24,3,-1,8,-43
34,-11,29,19,22,31,-14,-49,-37,9
-4,9,-30,4,14,-9,34,15,-28,-2,30,-44,-4,25,2
-33,22,-45,-10,24,-15,-4,14
14,34,-26,33,38,-8,-14,7,-14,-14
14,19,-6,-44,-8,-48,33,-48,-22,-39,41,-20,27,-44,14,31,-7
-49,45,-32,-48,20,-37,-48,50,47,-23,21,-32,3,19,31
2,1,-42,-42,19,47,-19,47,-13,-21,-44,8,15,-34,40,-1
47,35,-49,-15,14,-44,17,-27,33,28,9,48,17
23,39,36,-29,37,-43
31,-20,13,-41,-27,6,5,46,43,-45,-30,4,3,18,-45,16,39,27
42,43,8,13,-12,8,19,5
23,12,4,-47,-49
25,-3,-18,35,-8,-10
-22,-9,-12,-34,27,3,13,31,11,-8,35,-33,-28,-5,9
1,35,11,-24,11,-14,-48,42,-38,-29,-9,33,-25,-23,-18,16,46,-28
5,-31,2,-45,-49
30,34,20,38,3,-26,29,-8,42,2,10
-27,-10,-13,-23,30,-46,30,-27,-25,10,33,21,31
12,36,-45,-9,-39,-40,-29,35,44,-46,-8,-21,21
-31,41,-32,-46,-40,27,12,-32,30,11,13
22,-18,-32,27,3,9,27,24,37,-41,17,-31,-12,45,5,20,32
46,25,-2,26,17,-2,-23,-42,12,-45,-31
-37,-48,-41,-6,-11,2,-4,-37
10,28,21,-7,2,-14,-6,-7,-42,-3,2,0
0,13,-50,50,30,-33,31,-18,16,-38,27,-47,-23,-41,-24,-2,27,-26
-12,-23,-12,-14,5,-39,-2,-44,-35,-46,-50,11,-44,27
-19,33,35,-1,-4,-9,5,25,38,34,43,47,-6,8
-25,-33,-6,-13,-18,-46,-7,7,17,-13,-48,31
-26,17,-18,-8,21,30,26,43,-32,47,37,24,36
-18,17,-46,-21,-32,-13,-50,50,27,22,34,39,-26,-50,37,27,16,30
-26,34,5,-8,-25,-41,13,8,-25,-2,34,-37,9,27,-5,-22,-4,30,-15,30
38,-50,3,-10,-34,36,19,26,23,42,-2,12,14,-17,41,38,-4
27,18,19,-40,43,27,-13,9,17,8,8,46,-45,-9,-45,-34,-42,41,-2,-25
16,5,-30,21,18,50,-3,-31,-45,21,36,-45,48,36
-22,46,18,-3,-48,-18,-18,40,-45,44,-27,11,-16,4,31,-19,11
-3,-31,23,42,6,-20,10
-23,35,1,-5,-32,-31
-35,28,-36,-11,-22,-17,41,22,39,-37,47
-5,-23,-36,47,41,-22,-5,-45,3,-17,-46,46,-37,-1,-3
34,-18,12,-35,-4,38
50,-34,-41,40,18,-41,28,48,-46
-27,9,-31,2,46,13,-50,-24,-15
-17,50,-24,-7,-6,12,-46,37,26,-25,-14
-34,35,-30,-26,37,21,46,-12,0,-25,44,-24,-10
-2,6,-21,1,46,44,29,-15,43,-9,0,-30,38,1,32
-8,20,7,33,-20,33,32,-27,-7,-4,11,31,-9,42,37,-31
24,-21,42,-35,-10,50,-10,-45,8,42,6,-14,0,-35,39
9,-48,-36,24,13,-11,28,-26,-29,0,-7,-49
46,-47,-41,39,32,9,-4,-42,2,-33,44
34,35,-37,-7,12,44,-42,-30,-20
-44,30,-38,26,-22,38,23,38,4,-24,-33,32,7,-9
26,-19,20,5,2,1,-34,-26,14,46,-34,-6,38,41,-44
30,-48,-18,2,13,46,9,13,41,-9,31,10
47,-16,7,23,4,7,4
-32,-37,9,-37,-49,-43,19,-23,41,26,-45,34,29,28,-13,15
-48,15,0,-31,17,-17,0,-15,-34,31,6,-20,-47
-12,3,30,36,22,17
-16,41,-32,31,29,38,18,7,-16,-16,26,45
-50,-16,38,-11,-6,-19,-2,31,-38,44,-47,-27,-3,46
38,-15,-32,27,-25,-17,-29,-33,-4,-4,-32,13,16,-7,32,-9,31,-38,-26,3
15,21,-50,-25,-28,22,35,13
3,30,-33,15,19,-37,-11,-33,39,14,-2,-30,-5,7
-50,43,11,47,-10,-10,-1,2,28,-49,-36,7,-48,36,-11,13,21,-31,12
25,-29,42,17,43,50,-13,48,-19,-42,8
37,-6,-6,37,50,-15,-20,16,-30,42,31,14,0
8,-31,-30,-35,5,-39,-18,-48,-43,-28,-30,6,-13,49
6,46,41,-36,-33,36,39,-19,-28,30,-7,-28,47
26,6,-26,40,38,11
-30,39,-7,42,-6,42,21,7,-28
-27,12,40,8,-31,7,6,-16,-8
15,-15,37,40,-40,-39,-9,26,-39
42,-3,0,23,46,-19,-12,-13,47,39,-21,15,31,49,34,36,-5
-15,37,-4,32,-48,-43,-28,-8,42,28
0,46,-8,-7,11
-26,1,50,24,-37,-43,34,-12,-15,39,-11,-18,-32
38,-24,43,-37,-35,-10,-5,8,13,-6,-43,43,-1,29,-50,36,20,34,-3,-9
31,-15,4,-8,-9,-36,-14
5,-28,7,4,-24,-36,-32,49,-3,2,15,-10,-35,-3,-30,-30,-13,-4,-11
-32,-22,-48,40,27,-10,-1,9,31,-6,38,-6
26,7,-42,-42,-37,-17,-21
-2,17,1,19,-15,31,28,-31
-43,-48,47,-36,-34,14,-46,-29,-46,-47,2,1,-49,-42,-29,-3,-17,-19,6,14
-35,-11,-41,32,-50,-23,50,-19,33,30
32,14,-42,-3,-3,50
42,-12,2,-30,12,-2,36,41,22
-48,-12,-36,18,23,-46,37,-15
-10,-18,46,-41,21,38,27,-41,-22,0,31,28,-46,6,7,25,-21,36
-33,-46,-27,-2,20
-19,9,41,2,48,-50,-48,0,-23,-35,34,14,37,20,49,11
-16,-25,-6,-45,-7,30,-3
-50,40,-4,-18,7,14
-20,6,23,46,-3,-10
-21,-34,-8,31,-48,19,-18,18,-47,-12,-33,-29,4,11,-45
4,-50,46,34,29,40,-27
-10,2,-9,-33,6,-2,-11
-42,-6,4,-15,-31,-10,7,-3,-2,-48
30,33,41,-37,21,-21,-21,-20
1,1,46,46,-21,-49,7,27,39,33,-50,-41,1
-47,-37,28,-14,6,-50
-26,-33,-37,42,39,14,31,32,24
29,-17,-35,-27,1,36,-1,-3
-18,34,-12,8,-38,-16,39,41
18,13,-43,-36,-14,40,15,23,-19,12,-25,33,-29,-32,1,20,-30,7
8,6,-36,22,-34,-35,-21,-5,31,-28,-29,-39,45,6
12,47,-12,7,-4,14,20,-37,-32,37,-35,-8,-18,15,18,11,-16
-25,8,-24,-18,-24
-31,-28,44,13,-34,-36,-16,1,-20,-46,-20,-1,30,42,25,46,7,12,-2,24
-30,18,-25,47,-11
43,25,13,-11,-20,4,-35,-43,23,12,-30,-40
5,27,4,-48,12,-24,12,27,-41,-7,36,23
41,11,-15,34,-42,40,-39,-13,28,27,4,-20,-39,49,31,13
-6,-28,-14,29,-40,17,-50,-19,-42,-28,26,-19,-44,-8,29,-15,46,-44,-49
-8,19,36,-28,41,28,-47,-10,14,-18,-7,-1,-35
28,-11,-13,11,-18,24,47,-40,-5,-37,10,3,48,21,-37,35,13
-10,-28,32,-35,-39,18,-20,-11,-15,30,25,-29,-15,-28,-41
-9,33,-34,-46,34,50
-37,25,-48,-48,2,-16,47,-15,17,-37,25,29,-33,42,-22,23,-46,-13,-37,-38
23,6,40,-22,28,21,14,49,28,-26,35,-25
-26,20,-30,-32,42,-44,36,30,19,43,-47,-31,13,-49,37,-12,13,14
-45,-43,27,49,-5,23,-15,19,-45,-34,25,-17,12,-25
36,35,-21,-15,-5,-1,-27,19,-46,22,32,-39,7,-21,18,-43,39,43,46,18
-45,15,49,-46,2,-46,-32,-3,8,1,12,50,30,2,-6
22,-11,-40,-11,49,-32,-9,-29,-35,39,42,21,-5
-36,-46,-11,-2,47,-35,32,-36,9,-7,43,6,37,-18,-16,34,-16
47,26,40,32,25,-14,10,3,-15
-31,-21,35,43,-42,1,38,-38,-21,-46
-23,23,2,21,40,22,23,-50,-23,15
-21,-45,49,-23,43,11,-14,-31,-31,14,3,-39,-25,24,19
-46,-2,-24,-5,14,-8,11,0,-26
29,47,48,-14,-27,6,3,13,-21,-15
27,23,-35,22,10,15,-12,40,6,-20,0,-25,-30,21
-8,16,39,42,-42,13,44,-29,-40,15,16,-20,34,19,5,12,-40,45
17,6,-28,35,-43,19,11,42,-5
45,22,-19,-41,39,-15,-9,20,-50,0,13,-18,-9,43,4
19,18,-3,4,-38,-25,-4,31,-16,9,41,-16,15,10,49,-21,22,-3,-30
46,-29,-49,-33,34,-32,43
4,-45,28,-45,23,50,43,36,13,35,28,9,-12,17
-18,33,-47,-12,17,34
16,-34,-25,-38,-4,-30,3
-43,-12,30,-15,1,-4,32,-33,36,12,-49,13,3,33,-44,8
8,-16,50,17,-17,28,-24,30,-14,48,5,-13,21
-11,50,12,30,31,-16,0,-6,-13,-44,15
-28,20,33,-37,2,-39,-28,-35,-50,49,-10,-43,33,-18,36,50,3,22
-32,-48,-15,50,-13,-22,-11,-23,38
-17,8,-36,-38,-7,21,22,10
-24,25,33,-42,-18
22,47,9,-21,-24
-7,41,5,29,9,-28
-35,-12,29,25,8,10,-24,-6,23,35,27,49,-1,-21
-36,46,-42,-19,31,33,-22,11,19,-11,-41,21,-26,18
34,31,-35,-1,21,-42,45,-5,30,43,40,19,38,15,40,50,17,6,-39,-40
40,30,-1,-41,43,23,-12,-35,32,-45,-24,-33
-25,-37,-26,7,5,-47,-46,15,32,-48,-13
16,4,-3,-7,-46,31,-4,-12,29,-22,1,44,48,0,0,-42,-45,-41
30,26,31,37,-50,10,-20,-21,-45,-33,11,-19,-16,-36,37,-14,-49
14,8,9,-22,25,21
38,15,-21,-16,-29,-18,37,31,-30,-14,12,-2,-9,36,18,29,-35
-41,-41,6,-3,29,-49,-49,12,-3
1,18,32,48,49,23,38,29,-5,-30,10,19
26,-49,-1,50,9,-29,-17,-47,-48,2,40,-34,23,-32,-19
30,45,-49,34,27,14,1,-4,1
-28,-47,-13,42,-50,16,-4,49,45,27,-25,-40,27,-25,-40,28,17,21
-36,40,37,13,43,-40,50,18,12,46,-42,-32,46,-49,7,3,43,-2,-15,-36
24,44,35,-27,-24
29,7,-34,5,-36,-10,34,9,30,-40,41,16,-20,37
-50,46,39,7,-30,-16,-11,12,43,2,-16,31,28,-40,-2,-6,18,30,-29,36
30,32,-42,-31,37
19,25,16,-37,-16,33,29,21,6,8,-32,7,-21
42,-49,46,19,48,-25,-29,-26,4,16,28,-49,-26
18,13,18,-10,-12,31,17,-36,10,-21,-26,5,-25,6,-15,-22,16,28
0,-11,29,34,-31,47
-11,43,25,-37,-31,-20,16
-33,47,32,-25,-9
34,-40,50,36,41
34,7,-34,-28,11,8,39,9,20,43,-43,38,-14
-10,29,-3,-28,-45,-37,42,-24,42,-19,-34,-39,23,39,3,-42,-10
35,-5,-36,8,-19,48,-44,4,38,16,-49,-21,-6,-34,-25,45,4
-12,-42,29,28,37,22,-28,-9,-40,28,-46,22
19,42,0,1,-25,10
-19,34,6,-19,-38,-19
17,-42,8,47,34,-46,-22
-30,-24,39,42,40,-45,-47,-11,17,21,5,43
37,-25,13,-11,-10,3,48,12,48,27,8,-50,2,-27,-38,2,11,-31
3,13,-9,22,-32,38,-33,40
-7,28,-21,-27,-13,-38,-17,-1
-25,-14,-41,-11,12,26,31,14,20,-45,-32,46,3,-25,-2,40
-19,14,-13,-18,39
27,12,-27,29,-19,33,32,-48,-27,29,31,27,32,10,-19,-46,9
-7,-37,-45,18,-20,33,21,31,13,-28,31,-48,0,-25,0,23
-38,-50,-49,-12,-31,-10,-35,-5,-33,-35,-26,18,-47,39
2,-2,-12,8,38,-6,-33,18,13,-25,-1
-39,-35,-45,-49,-13,5,-9,20,-7,12
-20,8,-40,25,-10,-18,-12,-45,-35,-43,17,-44
37,-19,-5,-20,11,47,43,18
45,-7,-13,23,-32,0,33,-6,-2,14,-46,-14,35,37,41,-44
1,47,17,25,11,44,-37,-47,-21,-8,48,-18,-40,-1,21
48,15,-39,-44,17,-27,-33,42,-8,4,-31,32,-8,10,14,-46,7,-28,-22
11,-37,46,37,-46,13,31,-50,-7,3,-34,-14,-26,-9,-42,14
-17,15,44,-43,22,-47,-38,2,11
-2,40,23,-33,-10,-43,46,25,28,-17,-15
-42,-7,-11,-30,-39,29,-7,-6,21,-42,-9,21
-49,-29,17,9,20,-47,35,-7,-33,-5,-39,-21
22,10,24,43,-2,34,24,-9,-25,26,-9,13,-45,-15,-31,40,3,43,20
-29,38,17,50,9,15
-17,-15,-40,31,-34,37,44
-26,43,49,9,50,44,27,-17,-29,13,-10,-24,-34,26,20,-24,-43,36
-43,28,35,-17,-47,-34,27,35,-14,-47,-41
5,-19,-14,17,-18,50,6,49,-17,9,11,-18,13,46,23,43
41,-8,37,-41,44,44,-46,18,-12,-47,-50,22,28,-15,12,-18,-18,0
-44,-42,5,-15,41,-10,-24,-7,-46,29,5,8,19,-45,-12,-39,41,-36,-50,40
2,-17,19,-28,3,37,-19,-2,-1,12,25,-5,33,39,-22,-20,-46
47,-25,-7,13,-9,21,21,-6,-3,34,14,-15
42,16,-32,-2,-14,29,-22,-19,-25,-5
19,-2,-20,-5,-40
-16,25,-27,34,-6,-8,-26,-48,-26,-1,32
49,9,-18,-36,50,13,16,21
-42,15,-45,-32,-29,-49,20,-12,-30,30,-31,-37,-18,45,-12,-27
-42,-26,40,-48,33
14,47,7,29,-1,-39,41,49,40,-5,-3,16,41,-7,-33,-42,4,25,-15
-1,-14,18,42,-22,-50,24,41,16,-4
-26,-9,-16,-11,-36,36,-42,-32,50,37,-8
16,8,47,35,-49,-6,-20,-1,12
-27,-24,-21,-23,7,-24,20,1,44,-15,-2,28,19,-8
-23,0,-15,36,30,29,32,-18,22,-47,47,0,-11,25
7,-49,43,-36,-42,-4,-40,26
-11,-40,-2,-37,-42,-29,-6,7,46,-28,50,33,47,9,9,-27,21,33,40,24
27,4,4,19,8,-23,-10,14,31,-24,-46,37,15,-22,-31,16,22,39
-10,49,-2,-36,19,22,-30,43,19,32,-37,14,-39,41,4,-11,42,25,-38,-38
-24,1,11,-4,-46
-9,-47,2,-27,18,-29,43,-6,-34,-44,-47,-28,29,18,-30,-47,-40
2,3,7,41,-46,15,-9,-21,33,32,-44,45,-9,-42
26,-39,39,49,-12,43
9,-43,-11,35,45,-32,-42,-19,-20,15,45,-13,-39,41,4,24,-30,10
32,-42,-7,-29,27,-18,-19,-45,-29,-1,28,-10,-9,14,-14,-9,26,-4
-21,-37,34,-14,-6,-50,-29,35
43,-29,-22,-21,-23,14,-44,10,33,-11,-22,-3
41,-19,-26,-9,47,48,-17,-10,-15,41,-32
-39,-47,-6,-3,-11,-48,11,43,-19
14,-1,-7,-45,19,18,10,47,12,11,-26,-8,-27,33,-10,-48,-27,43,27
11,-41,-17,-50,-3,-30,-7,-7,32,35,-7,-8,-4,36,-47,42,-9,24,-3,29
21,24,-43,-37,30,-8,-16,-45,-4,-22,36,28,-46,-11,34,23,3,-40,-50,-49
-49,-5,-12,37,29,35,24,-38
33,7,17,29,15,-16,-3,-34,-21
-21,-16,36,17,-13,25,-4,31,48,40,-44,-17,5,-14,-37,-6,32
-50,44,-3,-41,-49,-4,4,12,3,3,8,-42,-38,-14,-34,1,17,40
42,22,-8,-14,-5
36,44,32,42,-47,-36,3,12,-46,37,37,26,47,-40,-28
-31,-1,-40,27,-44,-20,-50,8,15,-40,-26,30,22
24,-48,-12,-29,37,-35,-10,34,25,-1,11,-19,-43,-35,-3,30,-6,-9,-3
8,-32,-18,20,7,-33,-23,-36,-19,41,21
26,-4,45,-36,-32,23,-8,18,21,45,-39,-34,49,49,-44
3,50,41,-38,-35,50,26,-46,20,-12,13,47,-48,40,-13,22,45
-33,-30,37,-9,36,-7,15,4,43,-13
23,-4,-1,10,-17,-37,26,-45,43,23,41
-37,-1,21,21,-41,25,-7,-40,-36,35,8,-19,-16,-43,45,-34,-45,21,1,-19
-26,8,-39,-47,7,4,13,-14,47,-45,-47,29,18,-44,-16
35,-11,-1,14,-35
33,40,47,-27,-13,-9,13
36,-38,11,15,29,-44,-49,-31,11,22,22,26,4,33,19,44,12
50,46,-26,50,-2,-22,30,33,28,39,46,-4,4,-16,-1,-14,-14
4,-48,25,-46,44
-4,13,-7,45,-26,-35
46,-49,24,0,24,23,40,-20,3,3,34,21,28,-26,-3,44
-13,-29,-28,-6,25,-22,-39,23,50
-12,-2,-19,11,-33,-22,-10,-34,3,-23,-35,-44,-17,-44,14,-18,44,6,49
6,8,-39,-31,11,6,-35,29,4,-40,-30,-4,25,-23,35,20,-44,-43,44,-8
-3,8,-25,34,13,-7,-37,-24,28,-50,-25,-27,9,-3,-28,-5,-17
-39,20,16,34,38,19
47,-18,-14,-46,15
-31,-12,-20,-42,10,-11,7,39,42,-27,-22,-42
-33,-32,-29,-48,-28,9,6,20,-19,-29,30,3,23,-13,48,-12,-30,-20,38
-20,-40,-45,-34,-33,12,15,-25,5,9,-47,5,4,-38
14,-25,0,-20,13,-49,20,-38
-31,-12,-5,-41,-14,-5
10,23,-10,49,41,-37,23,-17,-32
-29,29,-8,27,-23,-36
-41,-21,-36,27,-42,16,16,42,7,31,-30
-5,21,-43,-34,-13
8,-26,-27,-50,36,8,-39,-24,32,-26,45,7,-5,-40
19,-8,-36,-34,-10,6,-50,9,-40,-38,2,33
-39,37,-20,-41,-29,-30,-38,-49,-36,-16,4,31,21
35,42,15,-11,-40,-41,-20,2,7,-8,23,41,28,6,-41,47,-31
-3,10,13,36,47,-25,15,1
-39,41,-2,-42,0,-23,2,15,12,-43,15,42,-5,-6,19,-44,-35,44
11,-35,7,-46,47,18,-29,-37
-13,40,24,9,24
6,-24,21,-38,-6,33,26,-30,19,15,26
28,-6,-18,-10,-25,24,23,-48,-42,-6,22,10,-26,-47,-7,14
22,-31,7,41,15,5,42,-28,-26,23,31,43,17,16,44,26,-5
-28,-31,40,7,-24
41,35,-42,37,21,21,-11,-39,-16,-8
39,-24,2,39,-43,-35,-19,37,-30,18,30,-18,31,-22,-29,15,-13,-15,17,7
17,-9,-1,-10,15,-50,-3,1,47,27,5,16,-11,5
15,36,9,4,-38,1,-29,-48,-34,-30,-22,0
13,3,16,-11,37,-21,-39,-42,-12,48,-39,-3,-30,-39,42,29,-16,10,30,45
-16,17,-8,0,-49,-48,27,-23,40,25,-35,43,-12,40,35,-27,41,33,-28
-18,-35,2,31,49,19,6,23,6,-50,39,6
1,30,-4,20,12,-3,-8
10,-30,-45,18,15
30,35,31,-39,-41,-18,33,-26,-6,37,-31,-34,-35,-44,14,-1,-28,-49,-16,13
36,-37,28,-35,32,45
5,3,-6,17,47,-27,42,3,5,-11,-36,8,25,-23,-7
15,23,-42,10,-30,-15,2,27,-42,-50,-25,-17
18,-34,-26,-6,-43,-21
-41,19,31,22,12,-48,14,0,-14,34,-47,23,-7,30,-8,33,28,42,12
-8,50,16,-3,25,-28,-33,-17,-10,44,-18,-13,50,50,34,25,10
-19,16,-16,26,2,44,-40,-9,0
-15,-30,0,44,-35,-5,28,38,-38,-39,-11,-9,-22
-36,-39,-3,47,43,-39,-13,7,44,-14,-14,-36,20,-37,-38,43,-45,-43,10,13
5,-43,-28,-40,24,21,-50,-1,-13,10,-2,31,26
2,-40,-6,6,-19,-17,-18,-4,18,-27,44,38,-34
39,-31,39,-38,3,-13,47,-25,-19,11,19,-43,-43,5,4,-44,-26,0
-36,24,-7,14,-27,-43,-9,22
25,14,44,9,42,40,-27,-31,-32,-5,25,1,-8,36,-47
0,-22,-42,-18,31
-37,36,0,45,-42,-24,-1
-43,-29,-48,-14,-32,22,-8
2,20,45,30,-13,20,23,-37,-3,50,-24,-6,3
-3,15,43,-24,27,15,-35,-45
43,-1,19,38,-36,16,-16,-22,-42,4,1,2,-25,-47,-42,-13,-48
30,-2,-43,-5,16,-46,-31,17,-25,6,5,-1,7,46,-7
-16,47,2,31,8
-20,22,-33,45,-33,-35,25,-42,-24,45,48,-45,24
38,-20,-18,-33,10,-26,26,15,-5,49,-7,29,36
-50,-2,23,1,-39,-42,-13,27,45
-9,11,-17,14,24,-16,42,-35,26,-8,-23,-9,45,-27
48,10,17,13,-44,-39,-34,-17,15,36,-5,-32
17,-32,-33,-33,13,-9,-24,50,-1,10,-13,-11,4,-47
-28,-13,-14,37,4,-29,30,-44,27,-32,-35,5,4,-30,7,-29,2
-25,-4,42,39,48,-50,14,-20,19,-49,28,28,34,-44,-16,21
30,18,-21,28,-6,35,-38,11,11,-21
-1,-44,48,-38,37,-25,-39,0,37,1,16
-15,-29,39,1,-12,13,-8,-17,-23,-27,40
3,-45,17,28,-13,-43,-46,41,-32,44,37,4,11,-42,-4,18,39,20
36,1,-41,23,-7,15,38,-29
-20,25,41,-36,38,3,-31,-37,21,-20,-2,-16,-29,-38,47,25,-3,-27,44
39,38,-33,-24,-31,-8,26
-32,0,21,-18,-34,0,45,-15,-10,-12,-44,48,-37,-42,6,-39,-7,20,-31,40
0,-27,43,39,6,15,-18,-2,15,-15
-45,-47,30,6,12,12,37
47,23,7,48,0,25,-27,-13
-33,-36,22,46,15,2,-48,1,-26,-49,23,26,-4,30,4,35
3,-9,-35,-22,-7,21,-47,22,4
-18,-3,4,15,-31,-27,-49,-8,-16,-36,30,3
-13,16,22,-19,28,-45,18,3
18,12,-35,28,38,46,-21,31,9,-15,-19,-40,8,-13,-33,8,-44,-43,-1
11,-31,-43,-4,-50,-22,11,8,-10,-43,-30,-12,-15,3,22,-33,-35
41,38,42,-9,12,-40,11,-31,11,-26,22,-44
-20,29,10,-32,24,34,-12,44,8,-33
-25,-26,-42,-3,36,-46,-38,23,-46,44,-47,-27,-4,10,-46
-40,20,23,-8,-4,10,-19,-21,-42,-18,9,-21,6,-41,-43,-16,45
-44,-32,12,-47,-21,-23,26,35,48,-31,-39,-16,-13,15,9,-7,-25,-13,-11,43
24,31,-27,15,-7,-25,-50,-17,22,-48,-31,14,-50,-2,-22
19,-10,-48,1,42,39,0,12,7,-25,21,47,-43,-9,25
-35,9,-49,-10,-9,-17,-24,50,-9,27,-25,-7,-9,-5,-11,-4,-35,18,10
-10,31,29,-33,2,-19,-50,44,48,-19,44,28
18,44,7,34,32,-32,44,37,40,34,-21,-27,-40
-33,45,12,-1,-36,18,30,41,48,32,-29,-40,-19,45,47,24
24,6,0,39,-27,30,45,8,-11,9,18,-22,43
-29,-20,27,13,-41,47,-7,35,13,31,-27
22,26,-41,-16,30,-39,27,40
-42,-22,-18,-20,-47,15,4,-33,-26,-3,-26,-24,37,14,7,39
-21,-8,36,6,13,-33,15
-10,13,-4,31,-38,-49,35,-47,-47,10,24,39
-10,6,39,32,-41,-5,-8,41,-38,-23,-15,-3,-23
-26,-39,-8,-37,44,-26,7,7
47,22,-6,25,-6
2,8,4,-6,-10,26,-32,-6,42,-3,22
24,-35,-10,42,45,-22
-20,-9,2,31,14,29,-43,-7,24,15,-32,15,-2,-21
49,-43,-33,13,-43,29,-25,-38,25,-31
-10,-3,-50,-11,17,-34,2,7,25,-4,44,-10,-30
-14,26,-49,3,-7,49,-50,-16,47,16,40,12,-45,-26,29,-26,-49,-32
-38,0,6,19,-22,-9,46,-28,-2,-13,46
45,-29,-41,27,34,-40,14,-23
49,2,26,13,17,-48,28,8,10,-37
4,49,-40,11,48,12,-37,37,-18,-15,-47,-38,29,3,8,-48,29,-31,19,22
5,-12,39,-16,31
20,39,-44,-6,-32,-8,-36
-20,-37,23,-13,-22,33,-7,-22,-3,-1,22,38,-30
37,-10,-9,0,-21,-35,12,-6
39,33,-25,-1,35,-39,-47,-47,-15,-34,10
37,49,-14,-50,-14
-27,17,-12,7,-9
-14,-6,4,47,-9,24,-15,-15,-22,-14,-21,45,-16
-8,-26,-41,-17,10,-42
-40,-19,39,11,24,19,-8,14,5
-42,-3,-17,41,-31,-23,-8,33,-31,-15,-1,0,-12,-12,-3,-20,34,12,-12
19,-19,-7,-25,-49,-8,38,11,-44
8,37,48,-35,-46,7,-12,8,33,16,-29,47
10,19,-4,17,31,-6,18,-5,44,41,-14,43,40,-1,43,14
-14,17,33,-12,7,-49,7,36,27
-14,28,-3,-3,34,15,-26,38,23,45,41,-28,47,34
42,48,29,-31,-15,2,37,-7,-13,-28,-25,40,50,-39,31,41
-20,-20,7,-45,47,10,50,33,44,32,-1
-19,-33,28,-48,-46,-3,49,-46,-5,-24,-24,-48,31,-36,13
-2,-30,-47,-45,-28,11,6,-50
-35,39,39,-29,-34,27,35,26,16,15,-20,-27,-24,-41,48,13,-29,35,30
14,-1,-32,-49,-46,46,2,-1,3,39,11,-27,-31,-7,13,3,-25,25
46,-37,6,33,44
-30,-38,-1,27,-46,42,21,38,37,33,30,15
12,31,-10,20,31,-45,-32,27,42,43,-17,42,39,-19,-10,-49,-17,-40
44,38,17,34,33,-28,9,-4,-31,-11,-27,49,20,2,-42,7,32,-30,-13
-2,3,-21,28,-32,40,-30,-7,-3
-19,-30,37,22,-16,-12,3,44
26,-15,32,7,34,38,8,-5,-1,-29,1,14,21,16,-28,-22
-6,11,-49,-29,-10,-3,-23,41,-1,34,-11,34,21,32
-43,20,-31,-25,-35,-31,3,-33,26,-13,-6,-38,15,4,-21,29
0,18,2,5,28,42,14,-33,32,-34,24,-36,-26,-37,20,-27,18,-49
21,-29,-10,11,17,-40,-27,-2,24,-28,-34
-39,36,25,26,-39,-28,20,30,-49,-21,23,40,-42,-10,-48,13,-36,-27,50,-38
-20,-40,-48,-39,-19,43,-7,-29,-32,45,-30,-33,-42,0,4,-17,14,38,50
10,-13,19,-44,36,-25,-45,26,10,50,41,36,36,-12,37,-27,3,20,39,-7
-2,-49,-21,-49,-46,21,-45,-38,37,-6,3,18,37
-5,9,-11,-22,9,44,0,22,-21,3,-16
-42,-39,13,41,19,-37
33,-31,-4,-23,44,-6,45,-42,11,-40,-4,37,4,-35,22,28
-38,-15,-7,49,2,17,-50,-25,30,-4,33,-41,-16,44,-47
25,23,32,39,-31,43,34,-4,22,6,-38,-43
41,-25,-30,-19,35,-12,12,-44,10,-7,50
-16,24,37,-45,19,42,9,-45,-3,-36,-31
0,1,14,-38,22,5,10
-17,28,46,-46,0,-24
-30,-11,31,-14,45,-47,3,-45,-7,36,-33,-15,25,-36,35,-12,-35,17,-32,15
2,-21,-5,-25,-43,-24,24,19,-35,14,38,32,-32
-45,-20,-6,-46,-6
-6,24,-41,39,34,0,19,29,28,-28,6,-21,18,39,18,8,44,-35,-29,-25
-36,2,-31,22,-7,27
-24,-32,-31,11,-17,-43,12,-10,-40,-5,36,23,1,-38,1
35,38,16,30,-16,8,14,41
44,-33,44,49,-5,12,-43,-49,-33,-7,-20,-48,15,-7,13
-30,50,-8,5,-48,17
40,-18,40,37,28,-47,-46,-8,-10,-11,34,14,41,42
5,-5,-27,48,-42,38,-4,-38,40,-43,20,29,-36,-33,-45,14,-23,-31
26,43,36,2,50,-42,0,-35,49,31
-12,19,24,39,21,49,5,-30
-23,-4,-17,0,5,-43,4,39,21,-49,48,-14,20
-23,-37,9,48,-1,-35,-14,-39,44,35,24,35
-13,-25,-13,-47,-23,-27,-33,-8,23
-19,45,39,45,-23,-30,10,1,-30,-12,-17,6
20,-46,-6,21,-23,31,7,41,-45,-47,-27,28,-9,-38,5
35,-6,-45,-32,15,23,0,4,38,-48,-6,40
-4,42,-25,40,17,49,-35,46
33,9,38,-12,-13,13,-5,-10,5,-16,-45,-12,-39,11,45,-22,4,20,-48
-30,-26,-42,-19,2,37,5,-11,-37,17,-1,-8,-25,-45,-42,-15,20,50
22,-35,21,27,-17,44,-11,-12,21,42,-38,46,21,40,3,36,13,36,-3,-8
-39,-17,45,-20,48,0,35,5,6,-16,-47,-40
30,-21,20,39,42,-43,-9,46,39,48,0
-33,-42,-39,46,-14,22,-22,-45,2,28,36,44,38,33,2,-30
3,50,4,42,-24,-20,-38,-27,5,-6,-19,-33,-31,-10,-6,6,-18
49,19,-21,-29,-7,43,-8,48
49,39,-1,10,18,50,-46,15,-23,18,31,35
-23,31,3,30,-16,28,-44,-5,5,34,33,-20
-39,-5,16,8,31,50,4,-39,1,20,38,45
-4,-7,-25,45,3,23,-30,-26,14,28,21,-7,-10,29,14,-9,13,7,31
14,28,-12,14,46,-17,46,34,13,-46,28,17,-34,-20,32,41,27,31
-48,-11,39,-20,45,-40,35,-18,18,43,-2,-1,27,-38,-33,35,27,1
-47,43,-39,-32,-9
-19,-23,-50,-19,-41,-24,-15,-6,-8,6,3
-35,-40,3,45,23,-30,-40,10,16
21,48,8,50,-3,19,-48,6,-49,5,10,36,-44,-4,-18,39,-28,-19,-27
34,-14,14,-5,-12,-19,-48,27,-32,32,36,17,3,-50,-46,-34
17,-32,19,-24,-36,-30,23,41,33,-35,32,-5,50,-7,-24,16
-5,-18,1,-35,28,17,9,37,41,-20,41,12,39,-10,-8,15,-40,-25,31
-49,34,43,-40,0,-7,21,26,-25,4,48,31,-30,38,-19
32,-41,-41,-14,-2,-6,6,49,9,-36,2,20,-32,-45,3,5,-23
-29,4,-17,37,12,-40,4,13,3,0,15,4,30,14,-10,50,-45,12
46,-49,-27,-10,39,-24,-2
43,30,-39,-35,-49,-28,-11,24,-45
17,-48,1,10,-50,41,39,-46,20,35,18,31
17,-47,-46,5,-9,13
5,22,-9,8,22,24,25,-28
-39,24,36,-2,-18,27,-6,33,5,-4,17,-7,5,-25
7,48,1,-22,-1,-2,-6,-20,5,50,-17
-12,50,-17,-13,31,-35,-19,-47,15,20,-10
39,-32,21,-2,-11
-28,-17,-45,-50,25,2,-47,46,-43,-12,34
-18,6,47,33,-16,-21,35,0,1,-10
-12,-29,33,5,38,0,-19,2,-18,-28,-42,19,44,-33,-39,43,-39
45,-11,10,-33,14,40,15,-41
-4,11,22,-18,49,-50,-43,-39
-33,31,47,-19,-37,14,-31,-34,14,18,19,29,44
42,-38,-18,-8,-5,-33,-35,1,4,-1
40,-11,-45,49,8,-40,16,42,27,42,-33,-41,-1,-15
-11,-47,-45,-13,-25,23,-16,45,23,21,-43,-48,-2,-32,-23,-29,-10
32,2,-25,36,-10,5,-14
48,-10,-47,-44,-16,-15,22,-7,-25,20,-20,-45,17,33
18,-18,20,-27,-2,-13,-27,32,-41,-45,-37,-36,-6
-46,41,-10,49,-28,-45,-44
-7,14,25,6,9,42,0,40,-31,-48,5,39,44,-42,-44,-46,-5,35,-39,50
-47,37,-7,-26,-20,30,-20,-10
25,-28,-45,-38,18,-32,34,0
39,46,2,-29,30,5,-10,-15,-42,-9,-19,-48,-22,-36,35,26,16,47,-4,-40
36,23,-27,21,-31,28,0,-27,-50,2,-27
-4,10,-2,2,41,16,-13,7,-42,16,-6
-31,23,13,-44,-45,46,39,-1,-9,-10,-11,28
-15,1,-2,-25,35,-46,-39,11
31,-6,-38,-18,13,34,-42,0,-17,1,-26,-38,39
27,26,-28,-25,-19,19,41,13
22,-49,29,-49,-2,36,-22,-22,-17,-16,-44,40,40,-37,-13,-38
-35,-47,4,48,-26,-45,-33,-44,23,-48
5,19,-16,25,14,-44,14,39,43,12,-16,-48,2,-16,22
28,-27,-4,-46,-35,-15,21,-29
-32,16,43,-25,-4,-9,-46,17,-14,-26
14,-22,-1,-48,-34,24,42
-35,-19,-48,8,24,-21,-5,41,34,9,26,-14,29,30,-28,-29,-2,41,40,9
7,27,16,-27,43,-9
14,9,2,-39,25,3,9,-38,17,29,28,0,39,-15,-47,-6,22,37,50,37
31,-44,43,9,1,-4,-49,-36,20
34,43,49,-19,29,8,-45,19,14,-17,-50,9,-12,49,-39
21,-24,24,-39,42,-3,35,34,39,38
44,-26,-10,-40,0,10,-49,-44,23,10,-14
11,46,-30,-1,7,22,-31,1,-20,-25,12,-19,-1,1,-13,39,21,-6,-34,38
-23,44,13,10,-46,-14,-28
42,5,45,-35,-48,-16,-32,5,22,42,9,-5,36,-36,-35,-24,-12,-41,-8,-19
21,3,-12,38,-39,7,26
20,-38,-6,-46,49,22,-28,-27,40,-16,-34,-16,-44,32,35
26,-26,-50,37,40,26
-47,41,-27,-13,8,32,-7,32,-45,-23,40,-12,-8,-19,-40,-44,-27,30
24,32,35,48,23
31,9,27,18,35,12,-14,33
-13,-7,-20,-31,-18
49,-3,41,34,31,44,50,45,11,14,43,-2,14,8
33,30,18,48,-28,38,50,-7,6,-41,22,37,41,-25,17,38,-3
-47,47,23,-3,0,-39,-16,17,-35,-44,-11,-42,1
-4,-3,-38,23,-34
-23,32,-12,32,37
-31,9,-22,18,46,32,-17,-26,45,4,-8,-30,3,-41,18,11,-33,10
25,-32,46,-8,-23,-22,-39,-36,-41,5
-46,15,-19,27,-23,20,-18,-30,-22,3
49,17,49,30,8,3,-27,-13,18,41,17,-48,4
47,-33,30,-24,-8,2,29,4,-35,26,1
-39,-7,-28,-47,-22,-17,-36,41,4,-16,-34,1,-9,21,-45,49,-43
2,-44,33,-9,26,-42,-25,41,-2,-32,44
20,-38,14,0,-42,22,30
34,32,0,-29,29,-33,47
-17,-50,-6,-46,49,-31,-27
-5,22,19,-18,-30,20,-19,43,47
-43,-29,-48,-38,38,-29,7,-27,24,-12,22,-24,-35,-10,23,1,-31
34,22,13,29,-49
48,1,-23,33,-16,-46,-28,-38,-3,-11,-23,-39
-12,30,8,1,26,-4,14
4,-1,38,-12,-49,48,-6
-6,-42,37,29,-50,-37,40,36,-25,36,9,-22,10,0,-48,-26
-2,-21,8,9,24,29,-48,-48,14,-7,-8,14,40
25,24,-20,30,34,10,23,-2,18,14,-42,-9,-44,-9,-39,-8
-21,31,2,1,-33,-3,21,-43,-36,-32,-4,-34,-35,-38,23
-34,-7,-6,50,6,28,10,6,-23,-4,-25
36,-29,7,47,-12,3,-29,-41,-16
-9,2,24,-23,-46
15,-13,-4,2,-29,-4,25,-45,4,30,12,41,50,-46,-41,-9,43
-26,-13,11,32,-4,50,-43
15,-2,-42,-46,-19,18,-25,22,-43,24,22,-38,27,-2,-8,-30
5,37,-47,-13,-40
29,44,-11,-9,19,-34,-11,49,47,-39,-45,1,13,-11,4
-19,26,-29,41,25,18,45
5,-45,-7,7,8
-10,42,43,-14,-15,2,42,-47
34,45,-40,2,-49,-27,-43,40,-4,-49,-45,32,45,-24
29,43,-30,-40,-44,25,-49,13,9,19,37,-38,-37,-9
-30,-29,49,-4,11,-39,-38,4
-22,23,8,-12,-1,44,-40,-30
11,-12,-45,3,48,-37,10,2,48,-38,-44,27,48,29,43,-44
11,2,-22,-41,34,-48,-20,-50,16,-31,-8,-50
-48,3,-8,-47,-5,-13,21,-29,28,30,3,-30,10,-45,49,30,47,-11,-22,-8
30,-39,11,-48,-47,-18,-13,33,24,31,-4,32,48,-32,-19,-49,-27,-37
10,-33,-42,-37,-29,26,-20,27,25,-50,31,-43,-46,50,39,-47,-40,-28,17
-36,29,36,-18,-2,43
33,-44,36,-31,-6,-19,22,42,-46,12,44,-8,-2,-34,12,-35,15,-28
-15,8,41,13,-28,-14,26,24,36,-24,-6,-38,-12,-10,-34,-9,26,13,48
50,45,-50,8,-36,-44,25,-47,33,-21,-9,-21,-29,44,25,35,12,-19,5,-5
24,27,12,-48,10,10,-42,47,-18,-21,-45,-30,-6,-25,24
18,-13,5,-22,21
-7,-10,-33,-41,32,-11,-10,-9,-31,38,44
0,31,-11,-36,20,42,35,20,-22,-26,-22,-29,-44,-21,-32
47,44,11,-12,-7,-40,23,-49,48,-24,-3,49,13,-22,-18,49,43,-43,-2
39,35,-44,-43,40,-37,-23,33,-28,-35,22,25,-29,30,-20,-13,17
39,-4,-15,39,33,39,12
27,-23,-27,-18,18,24,5,25
15,-17,12,-36,31,-11,45,24,-23,-33,28,17,-17
34,-7,24,-19,-33,35,-24,32,-50,29,3,27,-24,11,-2,35,-33,47
-29,-4,-19,-27,42,6,4,-19,2,-41,-19,16,41,-15,44,-8
-42,48,1,36,3,5,-36,36,-38,23,-49,37,27,27
12,-32,48,21,-1,33,38,24,-26,50,-44,-22,-21,-26,-11
-9,3,29,15,27,14,38,13,-24,-49
47,-27,35,35,8,-38
-38,-48,3,-41,-45,-5,-31,-36,29,-36,-11
30,-4,20,30,27,18,-49,38,34,13,29,49,20,24
37,-45,4,-36,-40,41,-41,45
-24,-3,-36,-22,-42,-23,-33,9,-27,10,27,-42,18,-35
-15,-1,-23,39,43,-47,1,-39,-38,19,14
3,27,33,-11,-15,30,1,-3,22,43,-5,8,-1,-29,-44,31,47
-44,27,-20,16,31
20,-5,42,-47,-7,9,-48,-32,-40,42,-1,-7,16
-25,-13,10,-41,-5,19,14,-10,1,33,-15,5,36,22,-26
-40,-31,-23,13,45,48,12,0,-42,-9
16,-39,29,47,21,-41,-48,-28,-24,-47,-47
-9,-23,-14,5,-24,-50,18,-14,34,14,-5,22,-15,24,-11,44
-1,27,16,38,40,-29,-9,41
11,-39,35,21,21
38,-39,-22,2,-4,15,-34,-33,24,7,-46,-26
-37,32,-19,43,8,46,12,13,31,14
31,-50,4,20,-10,-46,-27,17,-23,-46
-38,9,-5,-43,-13,-8,21,26,-5,-43,31,-22
-36,-36,-42,22,-18,-29,-18,15,33,-38,3,-26,6,22,37,3,-41
-24,-45,50,39,33,21,13,9,-10,8,31,20,-14,-14,24
-13,-16,19,-31,-13,16,-12,-11,32,-25,-31,9,27,9
46,-45,-48,-11,27,-42,-1,15,-10,-4,33,-16
-15,38,-45,10,-43,8,15,-18,-41,-39,-37,-10,49,-11,38,18,34
-21,-37,21,23,-4,0,-3,24,-1
-16,-2,-29,28,2,-33,-5,-40,-22,-26
48,-11,9,27,26
29,-14,44,-50,12,-49,-26,14,-36,24,16,38,14
-13,34,-40,0,-44,44,1,-32,-7,48,10,-42
7,12,-34,49,-34,-41,-29,-22,-2,-24,-30,-10,42
44,13,-27,19,22,-27
6,-41,-11,50,-43,6,-49,-39,19,-41,-21,21,43,-5,33,-44,-34
22,-25,-36,-46,-24,-3
-43,-33,-38,-46,42,-27,3,-50,-26,-41,-33,-5,-34,4,-48,-7,29,8,-20
-11,1,-29,27,46,19,6
34,-7,27,27,47,22,29,4,-36,47,27,24,46,21,37,3,15
-8,43,40,15,-49,50,-12,-1,6,-29,-14,-11,14,-19,50,-44,7,26,-25,33
-6,45,6,-1,39,18,-24,24,-27,29,6,23
-43,-13,-40,29,-27,-26,1,-38
40,-36,28,42,-14
7,-32,14,24,-3,24,43,-32,-28,28,35,-36,-13,-24,25,33,18
-26,16,-3,17,6,-48,-6,37,11,-45,-47
-49,43,5,-30,27,-13,-31,27,-38,0,14,-37,14,-6,-33,47
-23,27,19,-4,22,-16,-8
-28,-50,46,-2,26,37,-25,9,2,-19,10,-44,45,-49
-48,-3,-3,-15,27,-12,-17,-10,-23,50,31,-25,1,36,42,-47,-1,26,-21,-12
-6,32,0,50,1,12,-47,-41,4,-38,-3
16,-17,-25,44,19,30,5,34
42,-13,46,22,37,-38,31,-25,-21,-44,17,-20,40,18,-10,-41
16,-16,2,-41,28,-19,0,10,42
-1,-33,38,-18,19,-27,44,-45,37,2,44,13,28,32,7,30,2,-21
-45,32,-8,35,50,35,29
34,-4,15,49,5,-15,44,-12
-22,11,33,11,-25,-7,34,-48,49,13,-11,-34,-18,14,1,13,-14,20
-6,-19,8,-50,23,-26,-16,46,-12
26,-2,3,-34,18,-22,-16,17,-17
3,-34,-17,-17,20,-49,-37
1,-4,24,23,-5,48,15,33
47,-21,47,-44,-48,43,-23,43,-16,9,17,-14,46,-30,31,-32
-19,-50,39,29,24,-6,20,-9,32,-38,25,23
8,-42,-20,26,9
3,28,-20,13,47,-48,15,-23,-15,-9,25,26,-17,-16,-8,-8,18
40,34,-26,-10,37,-1,0,47,41,-49,9,-48,-13,-23
42,41,27,-43,1
-28,45,23,38,17,-11,23,20,17,13,25,-9,-47
-39,-50,41,-9,49,-25
48,-11,8,-46,9,24,34,2,23,21,19,-35,-36,15,28,5
21,22,-50,9,-36,-34,19,-47,-38,11,-4,46,22
3,-27,14,39,-2,36,11,-5,39,49,42,47,-12,-4
33,18,-11,35,-10,-31,13,40,50,42,-1,44,21,-14,25,29
-21,-3,0,-18,-48,-45,18,15,42,0,-10,-1,45
-45,37,-20,7,-43,-39,28,32,-35,-10,-12,27,-49
31,-14,41,50,-6,36,-20
-38,-43,12,33,-14,-3,-17,-3,-45,-2,29,48,36,-29,39
19,3,-45,-33,21,21,-22,-40,47,-10,-44,-33,0,38,20,-42,7
4,-42,-46,-39,3,-1
-3,45,-41,-21,-31,33,-14,-36,39,22
44,50,1,-50,5,47,-44,-32,-9,-25,-2,3,47,-38,43,-1,-39
21,2,11,20,4,-24,-25,-25,42,4,-6,-50,-28,-12,6,-19
2,-36,-2,16,-36,44,-48,-19,38,37,-43,-49,9,-12,-18,-30,-32,29
-30,-16,12,36,22,23,13,-29,3,36,23
-10,-33,27,-28,-12,31,12,-31,23,33,45,-28
-3,31,31,-8,12,37,41,7,-44,24,-9,-16,42,29,-50,31
15,22,2,-31,-43,15,38,46,17
-31,-47,-48,44,-29,21,-20,-17,5,-9,-41,32,-3,-43,-18,47,25,39
-16,-9,-19,14,-17,-35,39,5,-7,50,-6
9,42,-39,9,13,11,5,21,9,41,15,23,34
-33,-12,-16,37,39,18,40,-40,41
13,-39,-27,-43,29,-33,11,13,26,20,41,-34,40,-27,35,-25,-49,-27,1,-40
-37,-1,-33,19,-12,-32,-41,-22,-21,18,15,14,-29,-32,46,37
44,32,46,28,-37,-19,17,-28,42,-17,41,40
-28,-42,24,-28,27,14,17,-2,29
46,-33,-32,-6,40,36,31,-50,31,9
29,38,-8,-36,-46,-32,-17,27,-36,7,-10,-24,-23,26,26,39
17,-24,46,-27,8,-15,34,19,-5,22,-27
35,12,48,7,-11,-29,37,-48,-6,-44,-40,-42,28,6,-31,29
-30,-43,17,-4,-15,36,2,-46,44,14,-42,-40,-31,-9,5,-31,9,32,-12
32,28,28,49,12,44,5,-30,-26,-35,-12,16,-27,-1,-20,32,29,-38
-1,-21,31,-1,-19,-23,47,6,-17,-16,49,-6,-23,33,17,-41,50
-49,-11,2,-42,-25,-8,25,23,20
19,-35,-6,-26,-47
21,-37,-4,-12,48,16,26,-11,-29,46,-27,-49,-47
-39,-3,14,-25,44,9
-47,-27,3,50,41,-38,-28,23,5,33
28,-49,28,27,32,-48,14,-27,5,23,22,42,-42,-15,35,1,-38
43,-47,-34,8,-24,-39,-20,-7,21,25,27,30,31,-1,3,33
41,-11,-40,-28,-25,-31,19,37,-18,-38
-44,21,-18,-2,38,-3,24,-10,-6,-17,-30,-47,-36,-19
-27,-8,10,10,21,-31,13,6
46,-28,-10,-37,-35,-16,-17,8,-9,36,31,42,-22,-22,-6
-30,45,33,-28,-13,-18,-41,-13,-6,20,-6,-20,-14,-22,-29,1,0,-32,-37,-11
-8,-21,23,-16,34
22,44,-6,49,-22,50,-18,-27,45,45,-6,-13,22,-2,-17,-35,-31,20,6
-34,-19,-24,12,48
-50,-41,-1,-49,-49,13,-27,17
13,-38,1,38,-49,14
-43,-7,-42,46,-2,25,-3
37,39,-13,28,-32,13,44,-6,-20,-32,43,8,-2,13
0,19,-18,-21,-26,29,3,-48,-27,44,20,36,-15,29,40,-47,-42
7,-5,-2,22,-6,-21
43,50,37,3,20,-6,-7,-3,-29,-47,-25,-33
23,27,-23,-49,41,16,1,-25,-9,18,-6,-45,12,32,49,-42
3,-49,24,39,-48,-1,36,-23,-48,-48,-30,1,7,28,-30,42,-7,39,45,-35
50,42,-1,49,30,29,8
34,14,42,-43,-17
48,-11,-46,22,-19,34,45,-16,-20,-41,-39,-33,35,-22
19,23,40,-32,-29,6,6,36,-22,-11,48,-22,26,-15
24,32,26,35,-9,-35,-34,12,14,-43,9,-20
-46,8,-20,36,-50,44,36,4,-43,17
-46,45,-36,15,-16,15,50,-9,-40,44,13,45,29
8,-40,-23,30,10
0,6,22,10,11,2,44,-11,21,-39,-50
-44,43,16,-47,-36,40,-7,-4,-30,-36,42,-39,-40,-34,-11,-38,26
-38,-48,23,36,-43,4,8,-4,3,-46,-3,-49
5,40,-36,-26,-47,-8,-13,24,-25,-34,-8,-25
25,-15,13,40,43,-43
10,38,1,-39,-32,8,43,-31,-37,22,14,21
11,49,-32,-28,-50,-38,-20,-29,20,19,15,23,13,28
24,-19,-45,-38,-36,-11,42,10,-3,12,-13,16,50,-26,-25
-26,-5,41,-12,-4,43,-47,-31,19,50,44,-39,9,30,-18,24,-50,-9,-46,-22
-38,-10,48,-36,36,47,35,-48,-8,48,-25,-11,-8,-4,-4,44,-19,24,18,0
-42,-40,39,7,-46,28,43,-10,38
-43,-49,-21,-19,6,-30,-25,22,-43,24,22,-48
0,-5,-47,11,7,21
-50,-38,-11,-13,17,16
-32,-28,45,-44,-42
30,-5,31,-11,-18,8,-17,25,-43
-31,38,-43,-49,21,49,-36,7,-5,49,5,-37,9,8,44,-32,-47,-7,10,-43
15,-7,34,-21,28,23,-31,-35,-40
5,37,7,35,-16,19,49,-48,-24,-8
18,-25,-13,-49,-26,40,38,11,27,-19,7
-39,49,8,-47,-7,-33,25,-34,-6,-12,37,-47,10,-11,2,16,19,-2,23
45,0,18,8,-50,41,7
39,26,38,-16,47,-47,31,-50,44,-22,20,-48,-41,-41,36,27,38
37,-21,-50,0,1,-4,39,30,33,30,-50
-23,7,-29,8,-45,24,-13,-5
16,50,-16,-33,-32,34,48
-4,-5,-45,-49,10,-43,-20,43,0,37,-11,37,-10,-16,31,14
29,6,-14,41,45,31,-7,47,-35,-9,35,38,-2,36,-40
-6,31,44,-48,33,-32,29,-42,30,-49,-21,23,23,36,-35,41,-6,-40,17
14,27,7,19,-37,-47,5,21,4,-19,-24,28,-33,6,16,31,28,8,31,-21
2,-1,30,-37,-13,6,47,45,34,44,-16,1,-45,24,8
-35,-44,-13,-46,-4,-6,-26
-33,-38,27,-44,-28,-12,-17,-49,34,-8,-50,34,-44,-30,-50,-1,-13,-32,-34
48,-11,-27,-6,-26,19,-28,-49,-39,-20,15,-50,-30
-10,-45,-4,-30,43,46,39
-1,-10,-45,8,9,-40,49,-33,12,-9,-4,41
-10,-44,-25,31,6,-16,-7,27,26,36,38,41,-15,-33,-23
-2,-17,40,-44,30,18,-20,-4,11,27,-16,-48,-5,-44
18,29,-17,-15,6,42,31,-15,-3,-28,3,22
25,33,20,-11,27,14,16,-19,19,-13,11,31,31
-14,-27,-16,6,-34,-40,-50,-19,46,48,8,-42,14,15,36,24,-27,-1,48,-33
-21,50,-1,36,-29,-9,21,-3,14,33,-3,10,-15,9,11,-26,18,6
-36,27,24,1,32,-5,39,0,-45,-7,46,26,-50,25,4,34,9,-21,0
-3,30,-34,-37,-40,-14,-49,-2,28,-5,28,19,34,25,42,-2,20,-12,1
-29,3,-30,-22,17,-23,-19,-40,27,-14,-50,24,-31,-36,30,4,18,23
32,6,-33,-6,-47
-26,37,-1,-4,-34,8,-14,29,21,-1,-8,-41,26,41,27
49,44,19,34,-14,35
-8,6,34,-48,-33,-50,6,8,-18
25,-24,-50,-40,-24,-42,39,-44,39,42,20,-28,45,-40,-5
3,42,-20,49,24,35,-22,-7,30,-22
-24,-16,14,37,36,-25,-26,32,-15,17
47,33,38,-36,46,-46,-10,-40,-19,23,42
29,-43,-32,-8,-11,21,11,-1,14,4,4,19,-26
32,-13,21,22,12,-21
-49,-43,22,-39,-31,23,-5,6
-19,31,-15,-12,-50,7,14,28
-29,-41,9,5,13,-15,-42,-37,5,-26,-17
-21,27,-41,-17,23,33,-45,11,-16
-50,43,-25,-16,-6,31,50,-8,17
20,25,-32,26,-30,-48,33,44,41,-20,-4,-12,29,30,-3,39,49,13,-17
9,-24,-49,35,4,34,4,19,26,2
31,-23,-42,42,4,15,45,-19,12,14
-43,-28,9,-18,11,-2,39,46,6,-6,49,42,17,-41,-42
-15,-48,46,-45,24,37
-3,28,-48,-31,26,36,-21,49,47
47,50,26,-8,-15,-39,38,30,-3,30,-30,3,-28,-43,-29,-9,-15
15,0,-25,47,42,5,42,46
46,44,-6,-20,-18,7
49,33,44,-23,39,-11,-50,15,-48,-12,-24,-39,-22,39
50,-16,-33,-26,-29,-14,-45,-38,-15,-26,-24,9,38,-48,8,-34,-11
-18,-29,-14,8,-21,33,-22,4
-41,-24,38,-7,-19,-32,-29,0,-13
40,-40,35,5,1,49,-5,-34,12,40,-36,-6,5,42,26,-22,14,10,-31
20,-24,48,-50,-38,15,44,28
-11,-36,-3,37,10,-20,1,47,41,43,9,-9,20,9,-47
40,-31,23,-24,-31,-20,-16,26,-18,-26,2,1,0,-11,-11,7,45,33,-22,18
45,-45,-7,3,44,-32,37,-40,-46
5,47,11,12,-35
-35,-29,-10,47,-32,36,-42,10,-39,-50,10,-13,-29,50,28,26
5,-39,-41,-39,9,29,-11,-16,22,-21,-10,17,37,-26,43,47,26
4,45,-37,7,11,26,-32,-1,17,3
10,43,-7,-25,-4,-44,-3,-41,18
-46,23,-29,-5,-5,28,47,42,45,46,14,-41,11,45,23,18,-35,42,-47
7,-40,48,33,36,-42,17,28,7,-22,38,-7,47,8,8,25,-34
44,-11,36,-12,-30,-29,-31,50,42,8,30,-20,11,1,-21,11
42,-13,33,-22,-16,-19,41,4,-31,-28,27
29,-34,4,-2,33
-13,32,-27,39,15,46,23,-17,2,-2,13,-46,-13,9
-1,18,-17,9,-40,-27,-37,-23,-17,34,47,-1,-27,-43,17,-6,-44,36
15,-24,7,18,-6,-16,28,-26,19,15,-10,-2,34
33,29,11,-16,44,-44,-16,46,-28,45,30,1,-33
-45,-42,28,43,31,26,5,13,30,-3,42,33
43,-27,39,-48,-31,-43,40,-21,20,-44,3,17,-27,31,-25,-5,-35,-38
34,-25,48,-17,49,29,-1,26,19,12
24,-36,10,40,-29,50,40,-7,42,-10,-5,25,-20,-14,-31
29,22,22,-12,-7,-45,-48,16
10,-1,-30,-38,-50,-36
-24,-33,31,1,10,-19,1,-33,45,7,9,46,-4,-17,-35,37
-24,13,-3,-15,-34,-36,5,48,7,-47,-3,0,17,-19,-6,44,35,1
-11,-31,-11,-4,-23,-19,-19,0,30,-5,-2,-24,-43,-23,-42,36,-17,-33,16,1
-8,6,-18,48,49,12,-5,7,-43,42,29
-35,-23,47,47,-3
12,42,45,-50,48,13,2,41,39,-21,-33,48,-19,-13
-14,-13,-46,-11,-23,-7,46,18,18,18,22,4,-13,-4,42,-12,41,-16,13
-41,1,-35,9,-48,42
-4,-1,-9,-38,4,23,-41,-13,50,-32,33,-46,-30,32,-1
23,37,8,49,36,-43,-39,-32,-48,-36,-43,14,-12,-6,49
42,0,26,-32,2,22
-41,-6,-43,-48,-43,40,-41,18
34,-37,33,-30,-1
-36,13,-6,13,30,-9,-4,28
13,-48,27,40,29,5,-41,-38,-45,-25
-38,2,26,-14,19,-38,-7,-45
22,-13,47,-10,39,-50,6,-33,38,-44,34,-43,47,24,-20,-28,-47,-39,34,43
34,42,41,-50,16
-45,-36,32,-19,35,-5,50,-47
-11,-49,-18,48,17,-13
1,49,-23,-10,-21,-3,-13,16,47,-29,36,50,-3
5,-25,-11,-23,-10,-41,28,-38
17,0,31,11,-27,-43,-14,30,4,40,-13
-8,25,25,-22,-5,36,10,15,41,-50,34,21,-29,13,-21,10,5,23,-37
41,43,6,49,35,30,-22,-24,38,23,-47,-39,24,19
18,-22,-26,29,-24,50,-26,22
-40,-33,-19,-36,2,23,-28,-47,-16,-21,-37,-10,-12,-5,-18,-9,38,-33
5,15,0,-8,-34,-35,-37,-25,-6,-37,47,-24,32,32,31,30,27
-9,-26,-3,10,-24,18,-3,11,-17,-27,40,14,43
40,-40,30,9,-5,-31,30,-26,-37,-1,2,27,-31,-15,10,15,-34,-31,-14,-37
-41,28,-30,-41,-23
-31,3,-6,36,-24,7,-16,-8,7,23,-2,-46,-12,-8,-46,31,-9,-20,-44
-27,-48,23,-22,30,42,-42,-27,-43,42,14,27,-46
-4,4,-46,21,-44,-12,-38,-2,-15,46,-43,33,11,-20,-8,-35,48
-41,-1,1,-17,-47,32,37,24,43,39,-7,6,31,-43,-9,12,23,49,-2,16
-22,-40,40,-25,-1,38,-41,17,-41,12,45,-3,-14,2,32,47,50,-38,-22,-47
37,31,21,-16,-26,31,-10,-39,11,-50,34,-31,-10,-44,-12,26,28,48,22
-2,13,-26,27,-15,16,-46,-6
-4,44,33,6,27
1,-25,41,-20,-9,42,-37,20,-23,26,-19,-39,-16,35,-23,-17,-39
-44,6,-26,-10,-8,-23,-14,-35,-27,-49
17,0,-15,-14,0,-35,26,25,-33,27,-50,29,-23,9,-44,-39
-35,-45,-24,-7,-9,-36,-43,22,45,48
-38,30,-18,47,-26,-49,-50,-26,-8,10,19
-49,37,13,-35,-33,6,46,30,-22
-24,-31,-41,-3,-18,8,32,19,24,-20,-25,-29,-12,30,40,4,-13,10,-44,2
-20,-50,1,-15,-14,13,49,29,14,22,8,23,33,-19,5
44,-3,31,-50,-3,34,44,28,33,4
25,47,26,26,24,-19,-24,8,7,12,-6
-31,-5,19,-12,-29,-20,45,10,-16,31,16,24,-34,10,22,15
26,-6,-40,26,19,48,-14,-10,34,4,0,-22,6,-12,42
-2,8,7,30,30,-3,-37,-16,-40,-38,38,-7,6,-33,9,-12,-15
-21,2,49,8,4,-9,29,-7
15,-28,-26,35,-32,-37,-49,-12,-22,5,-10,26,7,-18,35
-31,31,28,-48,-37,23,-20,-16,11,19
13,-2,10,-49,-3,19,31
-9,-17,45,-43,26,44,10,49,-30,-13,36
27,-13,-16,-5,-34,2,20,-38,35,-48,-21,-37,-41,41,-32,42
-22,-37,-28,46,-33,7,8,-39,-38,-26,15,33,4,-20,-17,-8,-18
14,-42,34,-6,-22,10,-38,42,19,46,-35,-13,20,16,-7,-9,-28
-30,7,10,-17,25,-49,-50,-25,-35,-47,8,12,10,-48,43,-6,25
23,10,-31,-21,25,13,-3,-16,-20,-35,36,-12,42,-38,10
-1,-43,-40,-24,36,-9
32,-41,-16,-20,4,-38
-2,3,-4,6,2,1
-31,19,0,-24,-30,23,27,33,5,-48
-5,20,-9,13,31,-1,13,43,-18,-14,4
-33,14,40,12,35,-11,21,-26,4,-32,41,-15
-19,8,21,-3,45,50,-7,-47,26,28,-9,-15,-37
-44,0,-48,-37,6,4,44,7,39,-17,38,10,-3,39,34,37,26,-34,37,-35
33,-24,20,-8,43,8,5,-50,16,30,-35,-3,19,-13,17
-12,49,-24,45,10,49,-34,-13,-4,-26,-49,-21,-21,4,-12,-26,-20,6,-26,-33
-7,13,28,14,-25,31,-21,48,49,14,-44,-2,-23
-50,-24,-15,-10,21,19
19,26,-2,42,-20,26,21,27,-2,33,31,17,-2,-28,25,39
-33,-22,-26,-17,-5,15,-15,36,16,44,50,29,-24,-7,-13,21,-50,-46,-25,1
-50,23,24,-24,36,7
-17,-45,-1,-38,43,-32
40,-33,-11,-48,36,-19,-8
-7,17,-9,32,-33,0,50,-25,50,23,0,-46
-12,9,13,42,-16
-26,-17,-40,3,-2,13,-17
41,-41,-37,31,-49,-11,-10,0,11,-10
-2,-40,30,-5,-5,-19,-10,-38,-2,-38,-7
19,36,-38,-9,-38
-26,31,-38,21,0,32,-3,-22,24,44,-6,-2,-12,29,27,-36,-5,-27
-41,45,4,-32,-13,-9,11,-31,34,-29,-44
32,-7,8,-44,-3,42,50,42,-11,-1,-21,4,-20,35
-25,29,-6,10,-40,37,-34,-31,-26,17,35,44,-29,-44,-33,-41,7,31,-37,-26
-23,42,-11,-20,-1,-9,-42,-21,-37,49,7,-31,18,21,39,-14
25,20,41,15,-47,-12,29,-4
-13,-3,3,14,-4
44,-50,27,41,18,7,-33,21
38,-40,-15,30,12,33,-36,27,-41,9,-19,10,24,40,16
37,-15,32,-22,-46,25,-5,-45,45,11,0
-5,47,6,-12,-11,-2,14,32,-32,10,-10
40,28,20,47,39,-2,23,-10,38
27,-14,4,5,44,-11,-30,-47,-29,36,-29,-10,16,43,-9
34,-22,-23,-31,21,-40,-47,37,31
14,-40,-46,43,3
-47,-7,-47,40,0,22,-28,28,-7,4,-36,5,36,37,30,-33,16,-46
-20,-38,-4,-25,-16,46,42,-30,-46
-11,21,-18,-30,-14,-11,-50,17,-1
13,27,-49,29,9,-33,-12,18,1,43,-11,38,-16,-46,-46,1,-34
-12,3,16,5,50,20,-31,-39,17,-40,18,15,14
-28,-33,-2,11,44,17,-48,-34,-48,36,-16,-2,-9
-15,0,47,14,-23,1,43,32,27,13,30
-34,-18,20,22,-27,-13,-30,50,31,30,-36,41,50,-45,-10
21,39,-29,-32,-41,25,-47,42,-27
-23,-40,-43,-17,26,47,20,19,7,29,-29,26
0,-30,-39,-11,33,-15,-30,22,1,-25,-29,18,-37,-49,-5,47,-10
-16,-16,18,-48,-25,42
49,-11,18,-43,30,-10,33
-32,41,17,-49,-48,25,19,45,4,44,45,32,-26,-34,-16,15
-44,40,-16,-23,39,44,11,27,-12,21,-26,-17,-32,-22,-41,-47,-38,11
11,-20,17,27,-23,-4
-10,-21,-6,5,42,48,-50,-15,-12,-30,49,-44,-13,-2,22,-36,-7,7,-17,-36
10,-50,6,-21,-47,-35,-28,-1,-16
