72,20;57,12;40,17;46,8;22,16;80,8;56,9;11,3;74,10;48,2;86,7 | 66
65,12;92,2;14,2;12,10;67,16;85,15;57,17;39,10;95,1;13,20 | 57
28,16;66,7;89,6;58,14;41,7;82,12;90,2;27,13;32,18;20,5;18,9 | 73
86,12;14,5;70,15;37,5;43,8;44,4;33,3;57,19;87,3;71,18;14,9;45,4;77,14;92,19 | 74
88,9;62,1;64,5;88,20;64,16;20,15;31,4;43,17;66,3;62,2;39,7;54,18;61,14 | 46
83,8;50,17;46,5;79,11;42,8;16,20;54,9;72,1;71,20;53,2 | 69
95,16;83,8;92,8;41,8;67,14;74,12;31,5;74,5;43,11;28,2;19,12;21,12 | 91
38,3;76,12;68,16;14,8;19,12;78,10;11,12;92,8;42,9;24,12;22,18;80,8;24,7 | 65
70,11;68,6;71,8;48,2;86,3;70,3;99,16;20,17;89,16 | 87
55,18;64,16;62,2;84,4;31,14;12,8;86,2;63,17;79,12;43,2;88,20 | 20
53,12;57,1;60,19;56,20;100,20;25,20;13,18;39,7;22,8;40,12 | 86
29,14;28,1;79,2;19,15;70,2;37,10;57,12;89,9;90,1 | 97
14,3;56,8;99,14;70,17;85,6;49,13 | 82
53,12;35,18;32,4;45,13;90,7;58,19;45,2;84,14;36,8;78,2;82,3;55,14;26,15 | 58
48,5;99,6;86,12;51,19;72,5;82,5;97,20;25,16;71,8;36,6;16,6 | 67
68,10;90,1;48,20;76,13;64,5;82,16;13,4;65,19;79,3;11,2;21,6;72,1;36,18;20,3 | 79
48,11;63,9;93,9;13,8;26,20;91,5;31,19;18,18 | 36
58,20;41,1;29,5;45,3;59,11;69,18 | 45
28,6;60,17;35,20;28,13;86,6;30,15;41,12 | 72
80,18;46,16;91,15;67,9;63,15;98,18;96,9;69,1;93,1;25,19;69,18;45,16 | 43
69,12;47,11;87,14;59,1;65,15;62,16;48,6;56,14;93,3;79,15;42,3;71,13;80,7;44,15;25,14 | 46
77,2;63,20;33,6;97,7;30,2;74,7;93,14;10,19;52,20;14,18;13,9 | 61
84,10;69,20;71,13;57,8;71,19;37,17;44,3;15,9;49,10;77,19;23,9;72,17;63,13;21,6;43,2 | 45
92,15;27,13;65,5;75,7;95,16;81,9;44,5;17,3;81,2 | 89
26,7;76,15;48,8;72,11;75,1 | 24
57,10;23,7;96,3;18,19;49,8;79,2;93,17;58,20;46,2;56,11;60,16 | 90
30,17;84,12;20,3;41,18;58,6 | 20
32,2;66,16;47,14;95,11;15,6;52,14;59,19;14,16;100,7;95,17;61,2;95,1;61,1;36,19 | 65
71,20;12,6;26,1;17,19;66,17;18,9;38,19;48,7;46,8;100,3;73,11;72,4;82,6;65,11;73,9 | 44
83,7;17,7;18,8;92,12;31,16;46,4;44,19;84,6;14,4;69,11;50,15 | 34
67,1;68,17;91,8;90,20;36,10;12,9;46,9;71,14;38,10 | 69
97,9;51,18;76,10;72,19;75,16;18,9;77,17;13,15;33,14;89,11;53,17;12,6;39,15;34,15 | 34
50,15;77,2;63,7;93,14;55,18;17,14;38,12;66,12;94,7;17,6;69,2;84,19;92,5 | 66
77,18;18,17;88,17;26,10;33,3;87,5;92,11;45,13 | 69
65,5;77,18;10,19;93,11;41,2;54,20;55,20 | 90
77,19;58,15;93,8;72,11;81,5;37,12;31,2 | 48
98,16;25,7;14,10;64,5;13,8;40,9;41,12;16,15 | 91
91,17;90,20;60,13;44,4;75,3;47,12;14,10;26,18;65,16;85,11 | 78
96,8;60,9;94,20;46,10;59,18;58,18;25,8 | 48
92,3;28,15;22,12;99,10;13,12;57,5;94,10;84,9;67,9 | 87
15,8;81,3;78,9;22,11;24,7;37,3;55,7;59,4;10,9;31,20 | 84
20,13;52,9;53,12;27,5;21,15;80,14;29,6;39,1;32,3;46,4;86,17;27,8 | 78
55,10;17,14;26,12;67,16;11,17;38,9;28,16;89,9;83,18;32,18;95,9;45,16;61,13;35,6 | 70
45,13;77,16;66,11;99,10;18,12;22,10;10,18;16,17;69,3;19,7;16,17;38,5 | 44
95,9;64,12;94,17;87,14;56,12 | 59
100,15;18,17;90,5;57,1;32,14;37,7 | 28
14,13;98,4;97,8;70,8;92,11;90,17;92,13;28,14 | 90
50,3;18,4;24,13;48,8;63,16;86,11;87,16;65,14;94,1;72,9 | 68
19,6;73,16;55,17;59,18;92,17;77,16;83,4;68,8;23,20;41,16;64,16;24,17;59,8 | 27
97,15;37,1;95,17;71,7;52,16;63,6;96,17;54,13;48,19;48,13 | 70
71,15;53,12;44,13;36,12;71,14;60,19;82,4;20,16;80,10;70,14 | 43
90,17;62,10;97,17;34,15;55,20;100,13;43,14;14,6;10,19;35,10;86,17;89,1 | 82
22,7;51,14;12,1;39,18;19,18;29,20;47,17 | 20
60,1;97,4;42,16;70,18;38,1;37,5;21,9;38,13;93,20 | 96
39,16;10,6;97,2;75,9;32,16;14,18;32,6;60,5;47,16;65,1;35,10 | 90
42,14;92,18;71,3;50,15;55,16 | 92
30,7;62,9;51,16;23,19;19,1;87,17;59,20;15,3;90,12;15,16;51,5;41,4;56,5;48,19 | 94
33,4;25,6;10,4;99,18;68,13;77,8;61,7;10,2;26,1;57,19;75,12 | 72
60,14;82,8;11,8;55,2;79,18;19,7;20,14;14,20;85,8;22,3;73,19;98,18;23,3 | 84
16,11;64,10;69,4;33,20;84,5;96,3;53,9;61,13;12,8;53,11;72,19;11,5 | 26
67,7;62,1;33,17;86,20;37,5;23,13 | 36
37,1;62,11;35,16;40,8;17,15;48,4;53,16;80,5 | 49
45,3;38,5;64,9;85,2;51,17;76,1;68,15;36,16;42,13;40,10;99,7 | 80
55,7;57,1;22,13;54,20;36,9;90,10;81,16;91,16;18,6;58,9;51,13;41,20;68,14 | 92
67,4;88,16;35,7;31,3;86,5;37,17;41,7;16,19;99,9;41,13 | 84
11,17;84,16;82,15;44,6;42,2;13,14;45,7;57,8;32,2;14,12;22,11;59,7;19,17;59,8 | 86
77,6;69,10;58,11;62,14;13,13;12,15;18,1 | 55
49,6;43,1;17,15;63,11;75,8;64,18;49,18;100,8;10,8;17,5;73,6 | 81
20,14;78,15;70,9;48,14;80,7 | 43
47,9;92,6;84,17;12,7;72,18;12,18;80,19;99,7;45,8;92,2;71,20 | 36
27,13;71,12;97,16;24,17;52,7;94,9;94,11;48,17;74,18;39,18;58,15;27,4 | 93
92,15;23,6;85,17;19,13;32,8;36,17;92,11 | 53
18,17;85,15;67,2;95,6;46,16;50,3;67,5;17,11;76,7;78,18;100,19;67,14;82,16 | 88
15,8;76,13;79,3;57,5;56,5 | 93
92,13;38,17;46,17;77,1;26,13;19,4;66,11 | 77
38,4;35,11;90,12;38,3;45,9;23,9 | 89
55,15;87,11;16,18;24,16;97,10 | 67
43,12;98,15;87,14;15,6;63,16;54,3;68,8;90,13;37,2 | 26
22,10;25,15;37,3;48,20;44,14;60,7;50,16;65,17;19,14;16,17;27,3;83,4;52,4 | 76
56,16;57,2;81,11;62,17;33,11;51,8 | 94
98,7;51,7;69,11;73,17;29,17;94,20 | 22
52,6;63,1;47,14;16,4;18,3;28,8;79,13 | 23
73,15;96,12;26,15;75,11;90,4;94,17;54,2;61,10;38,20;84,10 | 28
31,6;20,8;58,4;14,9;81,2;59,17;48,5 | 47
19,20;99,19;79,14;45,13;76,3;46,12;71,6;38,2;71,20;47,17;56,5;68,17;27,9;95,16;21,19 | 61
89,17;36,12;16,6;44,20;76,9;42,2;71,2;94,4;66,11;94,12 | 40
70,12;80,5;34,5;61,16;22,7;33,5;15,7;77,13;64,18 | 97
18,12;33,20;78,14;12,14;98,11;47,9;16,13;95,12;20,8;97,1 | 66
80,11;61,9;38,17;24,7;46,17 | 52
36,4;61,17;28,12;50,8;32,4;16,15;59,17;47,18 | 63
25,1;40,1;83,10;54,13;77,6;67,8;53,17;66,2;50,14;97,4;40,15;11,20 | 34
29,16;49,7;29,12;28,17;89,7 | 84
56,2;33,4;69,6;52,14;13,14 | 57
52,19;76,7;63,17;68,1;95,5;43,17;14,1;13,5;46,7;24,7;70,5;73,20;92,17;90,18 | 95
66,12;81,10;38,2;16,11;45,19;12,10;55,17;54,17;62,19;69,16;41,9;66,4;69,14 | 42
33,7;85,16;66,3;68,17;69,17 | 24
49,20;23,5;58,12;30,10;82,19;40,17;18,1;15,4;25,11;91,2;63,7 | 96
97,19;94,2;63,16;19,13;93,13;41,17;18,13;35,8 | 29
57,6;82,4;54,16;35,1;27,7 | 91
35,13;22,19;81,12;16,17;86,6 | 65
50,7;45,4;36,14;69,15;59,6;19,6;65,7;86,12;63,6;96,20;63,11;56,2;50,5 | 93
32,13;42,8;30,5;79,16;97,19;83,1;22,10;96,15;95,11;27,15 | 67
32,5;30,20;26,15;48,12;27,13;83,5;42,13;24,5;40,19;22,13;76,7;13,7;53,20 | 85
37,20;36,19;98,7;37,6;52,4;10,4;80,18;62,9;48,3;29,3 | 41
41,19;57,13;54,18;100,9;10,1;18,19;85,16;54,14 | 32
54,16;63,8;58,3;12,2;14,18;61,11;56,20;54,4;84,15;50,14;11,8;52,3;14,16;96,13;18,11 | 30
24,16;97,8;46,9;64,18;90,3;32,9 | 70
23,15;80,1;80,5;10,8;73,10;65,15;28,8 | 55
44,12;97,19;26,9;36,19;89,12;76,10;81,13;26,9;47,2;77,6;76,16;78,11 | 36
47,19;29,5;46,13;25,10;83,2;24,12;77,16;10,1;63,10;54,2;70,19;93,5;35,16;76,11 | 76
60,18;42,17;69,11;73,16;74,19;21,17;22,20;94,13;53,4;23,12 | 56
61,11;34,6;20,15;44,20;67,18;70,19;99,5;92,12;58,1 | 90
52,9;18,15;19,13;85,7;22,1 | 29
84,14;39,20;10,14;12,5;81,14;74,7;52,18;62,2;26,1;59,5;12,4;35,2 | 67
94,13;81,11;23,15;19,12;37,18;29,3;74,20;88,17;98,1;43,20;57,10;89,15;87,5;17,2 | 82
71,16;100,14;44,8;98,17;48,17;24,12;62,20 | 80
30,1;11,5;76,11;90,6;14,6;36,2;84,4 | 41
11,14;63,12;26,11;22,16;36,16;21,16;90,10;75,19;98,15;60,1;89,16;40,8;47,14 | 25
80,8;63,18;40,8;30,7;99,9;84,3;30,3;64,13 | 33
32,10;10,8;67,15;17,20;92,5;55,15;13,2;35,15;71,1;86,18;71,18;38,19;25,8;80,15 | 95
58,4;77,5;46,3;93,16;13,13;96,20;70,12;18,18 | 73
23,5;94,16;71,15;96,8;52,10;59,2;95,2;94,8;75,11;99,9;48,20;52,12 | 78
83,5;67,1;88,3;21,2;11,11;56,17;44,2;12,18;59,7;90,11;73,3;98,13 | 58
31,11;21,1;71,15;85,16;11,18;68,14;45,4;61,8;66,10 | 49
45,6;94,7;54,10;19,2;47,17;85,13;58,15;79,8;10,16 | 91
79,7;73,1;89,16;74,14;37,12;86,20;22,17;90,11;81,5;72,12;19,11;91,9;89,1 | 95
35,6;52,14;22,1;76,16;66,10;92,2;91,17;16,2;79,18;26,8;87,20;25,7 | 71
30,13;27,3;59,15;59,19;88,18;30,2;20,18;37,3;15,3;68,8;75,2;22,15;90,4 | 94
47,11;17,3;87,8;10,6;55,8;79,5;81,10;14,6;10,16;59,20;46,3;24,2;68,20;84,11 | 46
95,4;96,20;33,9;10,8;63,20;45,16;55,2;69,17;53,2;37,7;39,6;77,15 | 80
98,1;98,1;68,8;51,7;10,14;76,16;61,17;20,10;77,7 | 85
50,17;25,1;88,20;64,1;81,6 | 52
69,12;77,10;59,19;14,16;43,19;22,5;96,20;55,4;76,13;77,3 | 20
86,8;34,6;98,1;91,14;64,20;89,10;32,17;60,17;15,17;17,16;62,10;75,8;10,3;45,8;68,11 | 58
32,2;59,17;83,5;98,5;13,11;21,5 | 48
86,8;83,15;61,1;36,5;69,10;72,5;84,3;80,20;59,12;43,3;76,3;78,4;56,2;61,3 | 36
69,3;51,5;65,5;39,6;50,17;21,14;58,19;54,9;33,5;13,17;83,5;16,13;52,1;89,9;85,3 | 32
47,6;29,20;83,14;42,4;80,8;15,11;23,6;70,14;82,20;63,9;11,8;57,10;46,4;46,7 | 24
61,4;70,12;89,7;24,7;72,12;25,19;29,15;42,14;35,17 | 89
43,4;99,1;58,5;59,9;48,1;44,17;12,19;30,14;37,4;52,9 | 41
91,3;73,2;43,20;48,13;71,6;50,1;71,3;50,15;62,11;82,9;42,15;92,1;24,11;86,15 | 98
49,12;13,19;82,16;52,16;22,1;41,8 | 76
40,8;65,6;80,14;43,18;39,13;57,17;82,12;34,12 | 22
44,2;12,14;49,1;97,8;93,5;76,1;30,3;95,7 | 63
55,5;19,14;57,16;10,12;66,9;12,11;70,1;92,20;28,11;57,1;93,13;54,17;29,10;93,5;67,5 | 97
29,9;87,19;43,18;29,20;60,2;90,9;94,13;11,15;75,10;86,3;55,12;57,3;29,4;100,8;20,5 | 49
59,19;69,6;82,2;97,10;74,17 | 51
29,9;59,5;100,16;79,6;48,17;76,16;78,4;89,20;15,4;100,4;36,5;54,7;78,16;56,2 | 78
18,7;64,15;51,14;63,15;23,12;94,1;36,11;87,16;100,6;26,9;33,12;54,3;32,5;58,20;41,9 | 46
98,15;85,8;48,9;100,1;59,1;97,20;57,7;38,18;70,1;74,3;78,6;92,20;42,20;17,20;15,14 | 94
52,17;48,6;49,3;88,2;15,1;52,1;70,14;19,13;42,7 | 42
31,19;91,20;64,15;92,16;52,19;73,16;21,10;15,13;47,17;49,20;51,8;30,1 | 29
85,18;96,1;11,11;94,17;57,9;61,11;76,2;64,20;49,4;50,10 | 77
62,18;100,13;56,17;21,12;45,9;80,5;42,10;98,19;89,13;56,8;22,7;23,12 | 55
98,12;90,6;15,16;48,8;42,20;25,19;77,9;38,12;73,4;12,10 | 69
55,11;73,15;23,13;37,9;53,1;55,4 | 54
45,3;67,16;54,10;49,5;91,1;25,12;72,19;74,9;23,10;12,2 | 84
79,18;22,7;98,5;99,13;100,20 | 64
93,20;40,7;87,8;77,9;73,18;72,5;89,19 | 40
62,4;19,17;31,19;89,18;100,14;20,7;85,17 | 85
74,17;91,9;15,11;69,15;56,3;80,6;69,12 | 47
78,16;62,1;87,8;65,12;42,19;26,16;11,20 | 62
20,4;91,5;70,3;42,7;94,1;76,16;50,10;61,13;85,16;55,18;18,14;24,5;47,16;81,8;92,8 | 42
19,11;64,2;49,19;92,1;70,18;67,5;91,1 | 57
52,9;73,4;82,11;35,12;97,15;55,6;88,16;81,3;52,16;95,5;78,10;94,10;45,19;100,10;30,12 | 82
17,1;22,7;50,10;91,12;83,18;33,3;72,2;23,17;64,20 | 27
59,7;94,14;93,17;55,12;48,4;94,7;69,17 | 76
75,10;36,13;36,7;23,19;76,1;50,1;21,16;32,14;27,2;93,5;19,1 | 98
30,9;82,13;93,2;72,18;88,12;67,3;24,1;82,7;71,1;27,9;97,13;78,15 | 60
94,20;15,7;10,8;35,20;45,10;86,2 | 21
34,9;64,12;49,11;59,6;98,11;73,8;69,11;51,10;40,8 | 72
93,18;33,11;30,13;44,16;17,17;97,14;79,13;33,1 | 30
49,11;29,7;47,14;34,13;54,6;75,16;11,3;22,7;100,20;100,17;92,4;50,13;95,5;80,10;62,19 | 38
69,15;68,4;49,18;17,14;26,8;65,15;49,16;98,7;69,7;24,1;49,16;76,11 | 66
58,7;56,13;35,11;46,14;33,7;65,20;58,11;22,2;93,19;100,1;40,1 | 63
85,18;25,4;66,7;87,12;87,9;50,7;55,7;50,7 | 62
71,1;51,12;76,15;74,12;78,10 | 90
76,2;21,5;86,17;38,5;17,2;50,20;15,3;100,13;84,6;65,3;59,20;82,5;82,11 | 65
24,3;52,10;50,10;96,10;75,8;84,6;15,14;27,6;56,15;71,13;84,16;49,19;43,17;38,19 | 73
83,7;25,16;34,6;64,1;85,12;37,12;64,3;30,8;97,2;22,2;48,10;89,12;33,8;71,19;71,19 | 30
67,17;15,10;51,13;98,17;64,20;88,20;15,10;29,13;53,3;83,7;58,16;66,1 | 91
96,9;45,14;50,4;15,18;40,1;80,7;87,4;34,20;42,5;43,11;69,7;41,20;69,10;74,9 | 27
21,8;73,1;72,3;11,2;21,2;31,10;43,18;60,16;63,10;50,15;18,3 | 39
68,4;77,11;48,15;98,19;37,7;20,8;44,15;75,15;72,4;62,11;28,13;33,12;87,17;57,19;64,4 | 46
16,15;83,18;36,6;31,5;14,16;65,20;48,1;19,7;27,10;94,19;27,9 | 41
98,1;25,7;14,3;52,12;41,16;38,10;60,13;33,4;42,11;38,10;64,13 | 62
15,11;38,11;29,18;90,8;39,18;56,14;18,10;43,3;97,3;58,2;58,2;88,13;15,12;82,13 | 93
36,9;35,6;33,19;31,1;70,12;13,11;98,7;20,10;67,16 | 61
75,4;80,19;20,4;96,3;40,16 | 37
85,11;67,17;89,11;95,18;52,12;95,2;94,17;97,5 | 71
72,12;29,13;48,15;63,15;66,1;63,2;77,14;36,6;30,5 | 78
30,16;19,10;28,3;62,7;19,6;99,5;13,15;92,20;94,12;18,6;74,8;97,19 | 39
25,5;29,10;50,11;11,5;62,20;48,10;63,1;21,6;76,2;47,2;41,18;91,19;87,5 | 74
20,3;29,20;16,18;36,5;45,17;70,13;46,2;36,18 | 93
12,4;74,1;76,10;26,14;95,18;22,13;22,9;54,5;79,20;82,17;50,1;36,1;97,1;84,9 | 67
34,14;50,17;40,9;54,13;76,5 | 95
63,20;29,9;97,17;99,12;43,19;40,12;44,10;27,20;57,19;94,18;90,3;40,4;40,16;38,18 | 35
55,13;82,7;37,5;88,5;86,12;43,9 | 26
96,19;20,2;89,13;49,18;60,13;100,13;10,18;92,16;63,3;73,14;45,9;92,8;25,7 | 51
69,6;86,14;60,11;51,2;55,3;20,18;10,2;44,10;54,8;53,14;65,16 | 47
98,2;60,10;37,5;18,6;96,12;92,14;91,12 | 32
34,1;72,5;97,16;44,12;69,17;45,16;65,13;28,6;17,5;19,16;83,7 | 38
77,12;39,16;11,14;93,16;12,20;52,12;76,1;75,17;42,16;99,16;26,20;51,11;23,3;72,20 | 63
10,20;51,12;35,19;50,2;32,11;71,14;20,8;36,19;100,20;70,4 | 78
62,17;96,16;99,2;28,13;52,3;46,10;79,16;17,7;76,11 | 24
65,9;69,9;91,5;56,13;43,1;67,10;76,14;44,19;55,13;37,18;27,9;97,7;13,6;98,12 | 59
93,19;15,9;42,20;13,11;46,8;46,8;45,15;27,3;82,18;49,15;96,8;100,4;60,19;12,20;25,13 | 74
93,9;62,8;76,7;20,2;16,17;49,12;38,14;61,8;10,15;27,2;64,19;10,11 | 28
77,14;89,6;63,5;65,5;78,6;31,3;83,8;18,16;89,18;100,18;45,3 | 36
96,15;55,1;44,17;83,11;10,13;15,10;28,1;77,16;77,3;16,7;81,8;14,4;73,5 | 43
24,4;42,16;19,10;58,13;100,15;47,4;87,10;96,14;61,18;51,6;44,20;16,4;83,19 | 65
55,20;54,12;94,11;92,1;91,20;56,2;90,17;39,17;63,5;47,17 | 31
20,14;78,9;36,12;96,13;49,2;20,8;11,19 | 56
54,8;56,8;83,2;86,8;40,10;39,10;47,3;12,10;26,9 | 32
42,1;91,14;66,8;65,4;52,20;29,17;47,3;100,15;92,4;99,14;19,12;68,7;52,18 | 37
72,10;44,15;45,18;53,15;12,13;14,15;84,20;88,1;34,6;17,1;92,20;53,3 | 78
21,10;31,5;86,9;93,2;68,20;38,19;40,3;16,2 | 96
95,4;17,10;42,3;60,2;89,5;20,6;42,6 | 39
76,18;25,2;38,19;65,4;80,1;27,17;21,17;72,7;75,16;34,10 | 22
49,13;87,9;71,17;89,9;33,14;33,16;90,12;13,8;96,11;62,18;90,20;34,10;95,7 | 20
72,15;34,9;41,9;23,14;20,14;72,15 | 41
77,3;66,7;31,19;58,14;72,15;65,7 | 32
41,19;47,20;55,1;79,9;87,15;37,12;70,11;93,9;46,6;40,12;23,15;45,18 | 100
62,8;55,14;98,4;29,6;81,20;60,1;51,15;47,1;66,16;50,10;72,9;41,19;54,17;70,18;15,15 | 92
19,8;66,17;48,2;16,17;63,7;93,9;62,9;58,16;28,10;22,2;30,5;83,11;92,20;59,13 | 75
70,15;66,17;52,5;30,13;55,13;87,14;46,9;67,6 | 84
61,4;77,14;97,15;20,17;31,12;62,7;16,6;77,20;25,11 | 91
29,2;33,19;16,3;42,19;90,14;67,19;64,6;99,10 | 59
100,10;11,10;95,4;50,18;36,2;17,9;66,12;10,5 | 32
33,4;74,1;20,6;20,11;90,6;28,12;56,3;21,19;18,19;43,1;61,1;46,10;65,2;85,3;75,8 | 75
40,12;30,19;50,15;63,11;43,7;67,2;28,9;44,14;10,14;82,1 | 47
22,8;92,1;88,9;83,2;19,19;47,12;87,6;78,5;47,20;94,13;30,10;25,7;75,14 | 33
98,10;98,16;85,12;69,3;97,12;73,3;48,8;17,1;83,11;29,8;29,12;61,4;88,18 | 27
47,17;56,3;75,15;82,20;16,17;10,4;87,19;81,2;41,10;61,12;14,10;24,1;43,10 | 20
41,15;70,1;22,3;39,8;68,11;54,20;68,7;22,5;47,19;16,16;74,5;79,2 | 26
95,5;60,9;11,18;42,17;43,20;22,8;74,14;92,4;28,16;79,12 | 42
99,10;30,2;97,6;75,6;78,1;12,11 | 74
84,14;73,2;42,18;100,17;92,2;72,12;13,5;59,14 | 21
48,8;57,15;74,2;34,2;37,4;59,10;39,6;53,7;45,17;21,3;68,14;49,7;83,5 | 54
98,8;94,14;38,17;13,2;79,10 | 57
61,11;63,8;53,3;84,2;61,14;61,12;82,11 | 59
91,16;72,2;98,17;73,16;77,13 | 29
30,6;78,17;34,19;24,10;19,12;12,13;79,17;56,13;28,20;38,2;40,16 | 54
89,7;79,7;34,17;68,9;19,4;39,20;89,15;42,7 | 32
77,1;91,14;78,1;71,4;74,18;45,6 | 92
77,1;86,19;99,13;83,14;50,5;48,6;27,2;53,4;73,11;88,19;43,15;95,2 | 87
90,7;18,11;45,15;41,12;61,16;42,7;55,13;99,1;14,2 | 51
48,6;28,6;31,17;43,19;67,17 | 31
51,1;26,13;88,1;62,19;27,15;82,11;19,12;40,6;37,14;46,13;36,20;20,1;80,17 | 42
11,3;31,11;34,1;59,5;66,17;76,6;40,16;56,16 | 33
38,1;82,18;67,20;34,14;97,17;91,18;98,16;42,20;87,12;52,13;43,17;96,2;88,11 | 49
32,17;37,3;98,7;83,8;47,14;96,3;82,16;82,10 | 32
57,14;53,14;38,9;93,9;99,2;29,20;98,17;27,13;17,6;90,14;48,17;75,14;99,7;20,2 | 49
93,8;50,6;27,14;72,7;18,3;40,1 | 25
75,6;12,1;95,13;75,6;78,14;66,15;74,16;69,11;56,2;19,11;73,19;35,13 | 88
54,15;73,13;73,6;32,11;49,16;11,5;38,15;83,10;99,14;55,4;20,6;54,8;10,12;30,5 | 93
26,7;55,5;48,7;98,17;43,16;37,1;35,1;10,4;87,11;44,12;12,19;74,14;92,19;78,14 | 32
11,11;53,8;57,12;20,5;88,11;32,17;45,19;30,4;84,18;46,11;95,12;89,1 | 22
73,10;75,4;16,10;62,8;30,15;99,19;41,14;66,4;44,7;58,5;39,10;57,7;66,14 | 59
28,13;70,10;13,12;57,14;66,13 | 60
10,3;43,19;42,13;49,12;63,16;46,1;60,6;18,10 | 55
16,2;56,18;79,9;60,4;60,7 | 27
81,3;43,11;17,8;89,11;76,1;40,11;22,14;53,3;20,1;62,9;51,12;99,17;83,11 | 97
12,4;61,8;96,5;43,15;53,2;39,12;75,7;28,4;15,14;80,15;16,10;77,2 | 88
35,8;22,5;93,9;31,4;67,18;54,2;32,1;19,6;83,5;46,1;49,18;23,7;11,20;95,5 | 93
29,1;62,19;51,13;25,14;83,19 | 22
67,20;44,4;68,17;34,8;77,10;14,4;70,17 | 34
20,19;33,12;100,10;17,11;93,11;11,19;36,8;53,17;45,2;18,14;63,16;19,8;40,13;49,13;45,6 | 80
33,15;96,16;38,3;38,5;27,7;54,1;48,9;23,12 | 69
35,7;44,1;50,3;100,1;49,19;60,8;60,5;48,11;63,14;59,17;64,12;21,3;14,12;66,1;74,14 | 48
76,13;15,4;76,15;68,19;40,14;27,16;36,8;13,14;92,8;70,11;83,14 | 51
87,7;20,15;13,11;99,4;45,19;11,19;17,16;70,1 | 55
93,13;55,7;65,8;17,14;35,12;46,10;81,5;57,4;63,17;61,11 | 77
75,12;90,20;32,10;43,5;39,1;86,18;18,2;81,18 | 48
81,9;72,14;70,7;89,17;44,15;52,14;60,2;27,2 | 29
61,16;42,18;19,6;78,1;29,10;69,2;45,14;80,2;44,12;42,13;68,19;44,15 | 80
15,20;54,1;27,16;42,3;100,18;16,14;13,5;16,3;96,10 | 36
48,17;43,17;15,17;72,3;78,9 | 60
37,17;27,18;61,7;80,10;22,20;72,16;41,20;99,15;29,15;16,9;40,17;74,10;31,2 | 69
82,10;69,4;45,19;47,19;77,12;85,2 | 38
44,8;79,3;35,10;49,15;75,16;86,7;60,3;59,1;70,9;35,13;48,20;75,3;87,13 | 51
28,14;71,3;29,17;18,12;98,3;12,3;94,2;13,7;81,14;43,6;31,16;21,9;43,8;35,12 | 59
95,12;23,11;64,16;83,15;76,13;44,6;55,3;85,7;14,18;87,10;13,5;14,10;52,20;90,1 | 62
39,2;39,13;50,18;92,8;83,15;79,2;43,6;18,4;30,11;47,12;33,15;53,6;78,13 | 53
86,1;57,15;61,13;61,6;76,14;19,2;53,11;48,17;37,11;57,20 | 25
92,18;24,10;62,9;52,17;49,14;71,11;73,5;36,14;49,15;90,16;80,10;38,19;63,17;97,13;34,13 | 22
66,19;33,17;89,3;19,5;30,11;14,5 | 51
68,2;61,17;82,12;66,6;81,16;26,10;13,7;40,10;84,6;94,10;57,16;49,13;68,17;10,2 | 62
45,8;10,5;50,3;38,5;49,8;66,3 | 84
77,18;31,1;79,6;16,17;96,8;99,16;24,8 | 75
83,13;11,17;92,5;35,12;96,14;76,9;46,2;37,3;97,11;62,5;94,20;56,5;60,1;60,7 | 58
29,4;100,20;29,14;12,19;73,1;69,11;67,4;82,20;59,2 | 22
58,8;16,7;37,4;44,8;54,13;27,12;53,9;65,3;23,11;92,6 | 34
47,11;51,12;58,10;37,18;52,6;18,20;13,20;85,6;51,11;80,4;75,16;98,14;56,16 | 100
27,9;22,17;48,8;23,2;66,9;89,2;20,3 | 92
29,15;23,17;81,11;82,3;27,14 | 62
57,17;50,2;34,10;61,14;64,17;19,14;78,16;87,4;74,2;37,7 | 56
20,1;67,17;32,5;95,10;87,8;25,6;57,3;69,1;54,5;61,14;78,10;69,5;92,8 | 62
33,14;89,17;100,5;23,3;26,15;23,5;27,16;47,12 | 53
86,16;67,7;23,9;82,10;73,20;93,10 | 49
71,20;32,17;46,12;45,7;79,4;21,5 | 47
83,19;22,7;71,15;20,2;45,18 | 56
49,6;82,13;31,13;91,19;72,9;97,3;46,9;68,14;26,1;20,7;26,8;53,9;97,11;42,19 | 21
13,15;30,2;77,14;61,5;26,8;52,3 | 49
81,9;37,8;31,11;67,11;96,13;15,10;36,13;31,6 | 52
52,12;79,9;44,18;68,16;51,14;98,1;26,19;87,12;75,14;61,2;65,7;68,7 | 72
69,12;23,8;88,1;94,17;68,20;99,9;77,11;65,1;99,12;18,7;98,19;58,1;90,10 | 34
50,1;98,2;43,4;55,19;24,15;46,14;99,6;55,5;49,16;47,10;43,13;34,9;44,4 | 54
42,15;29,8;35,18;22,18;23,2;16,3;76,20;57,15;64,20 | 20
47,9;51,9;65,10;14,12;52,9 | 96
18,20;27,14;28,7;76,19;47,10;51,1;11,8;96,14;56,12;22,4;75,10;72,7 | 68
100,1;12,5;17,7;72,2;12,19;12,4;78,15;67,6;65,10;72,18;87,4;51,5 | 83
26,6;96,14;26,15;82,20;60,6;37,7;58,15;42,10;43,11;11,12;60,18;87,8 | 69
97,11;17,17;28,9;95,4;50,11;44,11;22,7;78,7;84,6 | 50
89,7;88,4;52,3;59,3;57,5;80,4;78,12;67,16;92,19;16,17 | 70
30,18;46,5;18,1;35,19;12,2;82,14;52,2;83,2 | 73
55,16;28,5;31,3;47,19;88,16 | 37
49,12;78,15;16,5;30,12;21,4;74,1;32,12;85,12;79,20;81,8 | 38
10,16;35,18;94,9;68,11;28,19 | 39
34,3;70,7;98,6;59,18;18,20;84,13;88,13;45,3;43,7;99,8;75,14 | 81
32,8;93,13;40,5;93,15;21,15;77,6;32,11;23,3 | 54
32,12;33,10;40,6;25,14;66,4;37,8;35,12 | 68
13,15;85,9;25,11;96,10;74,8;99,6;61,16;82,10;56,19;87,5 | 38
71,18;63,4;13,16;93,12;31,18;14,8 | 68
65,3;56,3;95,7;26,1;19,8;68,8;49,17;64,12;85,11;79,11;37,1;92,18;99,19 | 70
92,19;61,15;38,15;88,5;93,10;70,19;21,18;65,5;63,10;78,13;90,13;81,6 | 25
88,12;93,11;94,17;64,6;60,3 | 21
28,6;27,11;21,16;80,9;88,13;81,20;90,3;41,4;35,19;23,9;74,11;66,19;90,8;58,13;43,17 | 56
29,13;22,2;85,18;61,18;82,5;54,6;45,6;17,4;92,16;58,8;28,20;17,4;94,15;53,4;56,10 | 36
73,5;94,10;18,8;46,11;48,3;13,16;28,20;88,2;75,11;59,12;22,10 | 44
30,8;91,11;87,15;26,11;65,11;88,4;85,15 | 49
36,18;39,18;50,1;57,19;45,9;55,13;48,20;54,2;11,13;75,14;38,1;76,19 | 50
50,7;75,6;22,11;15,3;31,11;92,19;26,8;20,7;20,20;68,20;71,9;55,20 | 80
26,10;46,3;79,14;63,14;80,2;35,6;48,10;49,3;35,17;55,20;47,8;40,16 | 80
30,15;61,12;64,2;41,18;58,6;16,7;30,3 | 67
90,6;42,2;41,12;26,16;15,12;82,5;27,20;35,7;57,2;86,8;89,12;73,8;77,18 | 39
49,18;68,4;41,6;76,15;92,17;39,9;84,5 | 50
26,11;96,6;46,18;40,17;81,18;29,11 | 52
84,10;62,10;23,20;47,3;51,2;52,17;68,5;63,10;66,10;53,11;94,17;30,3 | 52
40,3;25,17;45,12;19,12;33,1;76,8;98,12;10,4;26,20;67,12;16,14 | 45
66,19;78,20;18,19;17,20;60,16 | 75
61,10;47,3;58,7;20,6;27,1;97,9;16,11;17,11;21,9;34,11;69,12;20,7;41,2;33,6;44,15 | 65
99,6;28,7;54,14;78,9;63,8;71,14;86,16;41,19;98,16;61,11;77,15;98,10;71,13 | 57
98,15;13,19;45,3;14,8;63,8;19,12;16,16;67,13;25,20;41,1;12,8;59,12;87,9;77,6 | 52
70,19;17,20;85,1;91,20;88,15;86,11;35,12;60,13;31,13;20,6;14,17;46,15;45,3;26,7 | 98
87,10;57,12;75,18;54,14;85,8;30,20;10,2;24,11;11,16;38,20 | 76
90,7;68,12;27,3;88,9;33,11;11,12;32,6;36,13;83,6 | 36
97,4;44,9;65,19;70,8;43,1;70,11;19,18 | 100
32,18;84,19;85,3;67,20;10,19;100,6;57,15;63,6;85,14 | 93
99,10;98,11;85,1;45,20;92,14;11,12;70,11;96,13 | 23
69,20;36,4;25,12;85,6;18,4;76,7;33,16;70,20;52,13 | 94
98,15;87,5;92,17;16,1;66,19;48,17;43,20;79,14 | 59
99,10;27,11;81,19;50,11;17,16;75,5;21,11;83,14;93,17;18,20;61,2;14,17;14,12 | 99
85,5;91,19;40,20;68,6;23,1 | 80
94,6;15,12;22,13;12,12;69,11;69,1;64,6;78,4;42,8;70,15;56,7;40,2;51,12;49,13;37,13 | 68
20,15;59,10;75,13;58,9;48,19;60,8;42,1;41,14 | 20
35,12;18,4;59,14;74,20;39,17;56,8 | 27
59,18;16,16;18,6;28,4;91,16;46,1;14,2;100,16;68,18;78,15;32,5;29,7 | 91
77,7;76,1;11,12;82,16;16,20;40,20;62,3;15,16;68,19;71,6;90,14 | 75
89,19;17,13;88,14;12,11;29,7;98,6;95,2;31,1;54,8 | 34
38,12;33,19;33,11;36,9;31,7;28,9 | 68
23,2;25,7;37,7;92,13;52,13;34,9 | 84
31,19;80,18;31,3;26,16;85,7;23,20;78,5;83,15;80,10;98,7;11,17;54,16;87,14;11,19 | 52
24,1;73,17;97,15;21,20;43,19;69,14;14,8;79,15;14,20;88,10;99,2;77,2;79,18 | 52
52,2;38,2;16,7;31,15;85,4;93,7;56,18;86,19;97,11 | 24
78,13;26,14;96,6;80,12;43,13 | 37
85,2;23,7;96,11;99,11;17,9;86,7 | 100
41,12;98,4;28,5;69,14;61,19;27,17;97,18;22,19;70,7;91,19;48,8;11,1;23,4;58,13 | 24
96,7;64,15;87,14;65,13;26,2;23,14;13,18 | 95
13,14;57,14;16,7;68,20;86,8 | 79
54,14;98,13;48,2;91,2;23,4;19,7;19,17;20,8;45,16;21,14;54,1 | 47
85,17;81,16;87,19;40,17;54,8;70,5;73,18;31,19;25,19;58,15 | 80
77,11;100,15;39,7;99,20;40,12;20,16;75,5;87,11;98,5;47,12;21,4 | 92
85,8;29,13;93,19;86,16;48,12 | 97
58,6;74,1;76,5;23,9;20,7 | 100
69,20;12,7;24,16;93,5;61,7 | 43
65,12;47,15;96,14;41,12;39,9 | 74
92,8;23,14;10,17;47,19;78,18;25,19;85,9;13,13;43,8;47,17;99,2;84,15;31,9;36,6;20,18 | 56
38,10;68,4;82,12;96,3;82,13;79,3;12,16;84,8;79,14;58,1 | 94
75,13;29,18;58,15;69,1;20,7;65,4;76,4;51,13 | 36
34,10;29,11;46,17;99,17;33,19;96,20;47,3;74,12;35,2;42,16;84,5;71,2;56,10 | 39
54,4;32,11;78,20;20,18;41,2;14,17;25,5;93,5;51,1;47,15;24,13;93,15;37,6 | 92
42,17;15,14;73,7;90,8;26,8;34,15;68,1 | 75
74,8;52,7;13,17;95,13;58,11;37,5;32,1;21,1;38,14;76,10 | 98
61,2;11,10;61,4;17,5;84,7;55,20;92,9;86,20;84,14;19,2 | 77
82,13;88,17;83,6;79,12;57,15;95,7;45,15;64,10;45,6;16,20;35,18;11,2;47,1;12,5;95,1 | 93
77,11;60,3;88,15;30,12;35,8;38,8;54,16;65,1 | 90
70,8;66,20;96,9;31,17;72,12;89,14;71,15;71,16;67,8;37,7;24,16;81,5 | 46
75,2;93,1;81,3;87,1;41,9;31,1;87,16;29,3;95,11;27,8;97,3 | 25
97,15;38,9;61,3;97,19;12,5;73,16;28,11;49,1;50,12;89,14;16,9 | 66
62,4;79,1;83,10;27,19;32,13;51,14;22,2;25,11;58,4;15,12;26,16;15,8;81,3 | 44
44,10;31,12;14,13;77,7;68,16;86,3;89,8;81,1;24,20;99,17;82,9;44,5;69,4;65,19 | 60
54,3;48,7;90,20;12,20;32,18;97,15 | 72
99,6;61,17;72,14;38,4;24,18;87,19;15,9;19,19;94,13;13,11;58,8;20,9;61,17 | 66
64,8;46,12;20,10;30,11;85,5;83,2;37,18;88,14;14,11;30,18;64,16;96,2 | 30
17,16;90,19;75,10;17,13;22,2;12,3;42,3;11,9;86,5;49,9;82,13;92,20;26,15 | 28
19,2;14,2;50,16;88,8;15,3;62,1;81,10;37,10;96,7;60,20;96,15 | 68
12,1;62,3;88,6;92,8;83,14;96,2;11,18 | 29
29,3;30,16;26,20;79,6;27,15;58,11;48,4;59,13;97,18;57,1;63,19;74,3 | 94
22,3;46,2;30,12;89,4;49,4;29,15;31,12;55,1;12,20;76,9;29,13;39,19;17,20 | 55
35,10;73,5;56,7;97,19;99,14;71,13;17,12;34,17;73,3;97,9;93,13;40,10;91,17;35,11 | 73
52,19;88,17;15,2;86,3;38,9;64,1;98,20;22,8 | 53
71,13;72,16;46,2;69,9;72,4;42,12;73,14;43,16;63,4;48,3;32,8;12,13 | 67
89,9;21,2;15,11;55,8;46,20;40,18;31,16;70,18;70,2;78,14;79,2;48,7;67,18;32,11;83,4 | 27
13,14;92,13;80,10;98,16;59,2;67,13;38,12;13,10;99,6;43,1;33,12;69,19 | 22
11,7;38,4;13,5;36,19;39,6;64,1;44,12;41,5 | 62
39,18;81,7;62,5;31,13;44,2;98,18;61,9;30,19;12,5;95,6;83,19;87,15 | 78
12,1;65,20;23,15;29,9;37,18;10,17;27,1;71,19;19,15;66,20;13,12;24,8;87,11 | 59
30,5;31,15;83,20;21,1;72,16;57,10;56,16;34,14;74,11;23,14;62,2 | 73
60,3;77,13;100,19;99,4;90,16;65,11;21,13;34,4;41,9;41,4;31,19;44,16;69,19 | 56
58,7;63,18;41,5;35,4;98,12;18,13;65,14 | 73
17,9;89,12;47,11;48,9;11,20;52,20;47,19;23,1;27,13;42,2;51,3;85,14;34,4;64,1;51,14 | 63
75,3;25,11;67,19;86,12;85,4;15,16;43,6;99,13;57,19;31,9 | 27
46,9;77,18;79,14;91,3;73,3;70,4;31,8;54,12;51,16;92,5 | 38
15,11;94,7;20,3;55,19;77,13;66,10;94,20;89,12;11,19;55,5;28,5;63,16;63,4 | 30
38,19;28,19;68,3;36,19;80,16;64,9;64,18;89,6;87,17;17,16;80,15;29,6;57,4 | 51
89,19;46,18;66,15;39,12;25,1;29,6 | 95
59,7;39,15;65,8;38,9;17,10;32,17;44,20;32,3;98,10;28,4;53,19 | 47
35,11;99,8;43,17;93,18;41,20 | 25
47,19;40,1;87,18;41,9;60,14;68,5;89,13;59,18;98,20;17,11;11,11;100,5;96,8;75,14 | 55
89,9;12,5;72,17;35,10;74,3;15,3;76,20;81,11;77,15;44,7;91,5;28,5;100,5;45,19;88,16 | 73
64,1;38,12;25,3;49,14;46,13;70,5;24,6;13,11;99,14 | 49
63,13;84,19;94,7;15,14;78,16;57,9 | 85
47,13;70,8;35,1;95,14;58,1;57,8;92,8;79,10;38,7;61,5;27,4;51,10;81,9;75,14 | 72
91,4;98,10;13,8;81,17;11,8;33,19 | 20
88,13;91,13;10,11;56,3;75,4;17,12;99,18;18,5;70,13;78,6;82,8;19,18;77,1 | 62
50,2;51,16;35,10;66,14;41,8;98,9;66,2;30,11;94,16;69,20;70,4;38,20 | 92
41,11;46,12;18,8;33,2;85,8;33,13;91,10;75,4;15,11;46,12 | 32
25,15;71,10;12,14;83,16;88,2;71,14;13,1;51,13;36,2;88,18;88,8;80,14;93,17;100,8;60,14 | 47
52,4;32,17;84,15;67,17;84,3;89,9;65,10;68,3 | 54
92,20;73,17;89,15;100,19;98,8;100,18;27,12;63,6;79,20;75,6;39,2;85,10;57,14;23,8;68,11 | 69
91,17;69,16;51,2;54,3;11,1;38,9;32,8;71,3;15,3;53,12;49,19;71,20;64,10 | 30
45,8;23,8;14,1;92,3;50,6;48,3;60,12;35,14 | 48
68,1;56,17;90,18;39,20;79,5;43,6;96,19;76,18;15,19;28,11;68,15;75,3 | 42
82,10;59,16;90,4;53,2;44,14;47,9;77,17;54,9;77,12;71,15;51,4;47,17 | 24
40,7;93,12;16,19;22,16;49,1;51,3;59,13;79,15 | 100
76,7;11,3;58,18;45,2;73,1;97,19 | 67
75,19;11,13;34,15;23,8;65,13;27,15;65,11 | 68
88,15;12,16;65,2;93,12;75,3;75,3 | 30
38,8;70,13;28,7;42,20;19,13;14,13;39,3;36,9;79,6 | 21
21,14;58,14;100,14;43,5;25,17;96,17;85,6;96,19;30,17;33,6;63,7;74,15;54,15;74,3 | 57
100,1;53,20;16,11;93,16;71,12;100,15;76,2 | 31
80,15;31,2;54,11;35,10;65,12;74,18;28,17;82,7;39,16;80,7;89,17;25,4;91,18;12,4;24,14 | 36
29,10;64,14;47,20;58,10;59,1;100,7;49,12;80,14;22,1;100,13;85,16;10,18;73,2;86,7;72,9 | 22
12,5;91,9;81,4;18,6;49,15;24,5;69,3;13,14;44,3;21,13 | 51
54,5;74,10;49,17;79,8;15,4;16,5;26,15;87,2;85,17;16,1;16,4;10,1 | 89
15,2;10,11;32,9;53,13;73,19;91,19;74,4;42,11;15,2;66,14;83,17;19,19;29,3;40,8 | 52
17,15;14,4;55,1;44,20;30,9;20,6 | 57
83,3;73,2;31,15;24,16;73,3;62,1;42,4;93,15;53,13;83,20;79,8;19,4 | 53
94,6;95,20;57,10;55,8;58,3;36,17 | 59
32,7;22,13;80,10;78,7;19,19;76,10;71,19;35,2;31,16;19,18;72,20;74,3 | 77
26,1;88,20;59,19;35,4;26,19;26,1;34,3;23,18;36,9;51,20;30,15;66,4;66,9 | 93
97,7;36,2;56,15;54,15;68,18;61,8;93,17;38,12;16,15;35,1;98,9;78,2;56,20;56,19;14,10 | 24
76,13;16,20;74,16;45,4;50,14 | 83
65,13;67,15;33,3;40,18;72,14 | 84
91,11;34,5;88,3;93,12;43,8;62,3;92,13;27,15;61,3 | 100
46,4;35,19;33,13;80,5;62,20 | 79
23,1;55,9;95,4;17,10;85,16 | 81
42,2;57,7;69,12;64,8;89,13;84,11;59,13;43,12;92,3;91,11 | 99
100,1;40,10;69,1;88,4;33,4;52,12 | 98
72,14;87,1;54,2;73,20;21,10;20,11;51,5;30,1;18,1;66,12;57,5;91,5;59,5;95,7;15,12 | 99
42,3;21,11;71,19;92,14;43,19;44,14;90,7 | 75
57,7;72,13;93,17;94,16;31,2;70,1 | 47
82,18;82,12;12,5;79,6;32,20;59,1;82,11;77,19;97,11;15,5;21,19 | 89
64,6;14,10;82,8;13,7;75,14;17,19;46,13;91,15;10,14;47,5 | 62
51,2;64,2;51,2;48,11;13,2;24,1;97,3 | 77
52,18;41,9;100,12;10,20;53,10;95,17;78,4;100,16 | 57
81,14;86,3;70,15;82,12;49,9;97,12 | 26
95,5;80,5;40,2;91,19;14,14;72,1 | 28
57,12;12,19;49,15;13,12;99,2;38,6;48,7;51,9 | 68
33,19;62,17;14,9;86,7;14,3;21,3;44,6;17,6;98,15;65,9;44,15;12,14;72,10;37,12 | 28
35,12;18,18;90,9;39,13;48,20;44,2;82,18;98,9;21,5 | 89
81,1;32,9;17,19;97,15;89,1;49,10;26,4;32,9;58,17;66,19;36,18;46,7;39,12;90,11 | 91
98,15;78,2;83,18;18,12;29,13;36,18;60,20;22,19;21,20;34,3;46,8;43,16 | 90
76,20;78,5;99,1;58,18;64,20;12,8;34,15;62,2;31,11;64,9;44,2;66,10;11,2;74,8 | 32
94,8;41,4;78,7;35,18;71,9;70,8 | 45
27,19;59,5;55,13;26,12;36,7 | 50
65,4;37,17;45,5;40,19;53,13;33,6;28,7;88,7;87,1;40,16 | 62
39,20;100,17;29,19;65,6;32,15;100,14;15,13;17,18;38,5 | 35
58,16;60,3;89,17;93,9;87,20;27,14;48,13;13,7;58,19;97,17;78,4;59,20 | 33
39,18;85,15;97,13;53,1;77,9;55,9;37,14;42,1;83,9 | 31
17,18;10,8;43,17;100,17;36,20;55,16 | 40
35,5;56,2;88,11;72,9;25,10;86,14;82,19;34,9 | 79
30,20;38,6;76,20;44,11;54,18;40,1;46,7;42,19;26,14;45,12 | 25
20,4;14,12;100,12;66,20;54,13;24,7;81,11;85,13 | 53
100,12;31,14;16,8;99,14;74,6;100,17;75,15;44,1 | 23
81,15;91,7;46,4;54,16;81,8 | 38
14,15;59,3;82,1;11,16;26,14;64,15;32,17;86,12;87,12;42,10;45,6 | 82
45,10;86,5;56,5;20,2;12,3;99,5;24,4;89,2;36,12;15,4;23,20;43,14;81,5;25,1 | 23
19,11;33,17;81,19;94,7;40,6;60,13;90,10;23,16;13,5;31,6;58,12;30,3;47,3;16,11;96,18 | 61
39,1;70,8;96,2;69,4;70,6;60,5;52,9 | 42
65,4;25,19;32,10;100,9;70,16 | 66
21,7;22,19;71,20;34,2;79,14;63,11;98,13;10,8;86,8;43,11;24,6;11,15 | 37
18,9;17,2;53,15;26,11;36,1;61,10;10,17;91,13;10,9;34,5;27,6;31,17 | 61
30,18;45,10;52,3;88,14;57,12;32,17;24,4;64,6;94,5;36,5;51,5;15,9;93,13 | 82
52,5;28,10;26,14;46,3;60,12;64,1;80,5;30,6;100,4;94,17;30,18;23,10;13,8 | 46
16,9;16,3;77,3;83,20;63,17;94,5;78,13 | 66
53,4;39,19;48,10;47,1;17,2;59,19;14,2;99,13;68,11;68,6;13,7;28,11;10,16;32,18 | 43
66,10;34,10;27,11;94,5;60,7;26,3;84,17;26,20;81,7 | 31
42,2;71,12;23,19;39,16;59,14;14,8;87,8;15,16;86,17;18,13;84,11;29,10;21,14 | 73
80,20;44,6;20,11;11,4;39,12;98,15;68,4;78,2 | 20
60,4;97,5;91,9;17,7;37,2;54,14;17,17;100,13;95,1;20,4;98,10 | 39
12,17;98,4;70,5;92,6;11,20;89,1;95,11;30,17;50,12;10,19;57,8 | 75
55,12;71,6;69,7;32,14;70,19 | 75
93,6;93,13;90,13;34,18;58,16;87,6;10,2;69,1;44,14;97,18;33,6 | 46
56,12;81,14;35,2;93,1;64,1;38,17;88,6;32,3;82,5;90,1;51,14;100,14 | 25
26,15;21,19;10,14;14,13;24,2;95,9;23,3;100,16;67,5 | 76
37,10;32,4;15,11;93,19;24,18;70,9;16,11;21,8;44,13;80,14;33,3;52,2 | 86
64,5;16,2;82,17;32,12;22,18;67,13 | 84
99,7;40,1;82,8;71,12;77,6;54,16;33,10;74,5;12,15;77,7;25,16 | 48
81,12;10,12;10,5;21,6;54,14 | 77
31,14;32,9;18,19;38,13;94,20 | 48
90,7;50,20;72,18;76,8;21,5;82,4;72,16;46,15;76,4;72,8 | 49
70,19;34,19;36,16;33,9;88,7;48,13;67,12;12,13;79,10;75,5;32,7;31,10;96,10 | 87
74,17;100,5;66,12;59,20;73,3;99,10;86,7;29,1;16,11;11,9;15,9;55,7;42,15;47,13;24,2 | 68
64,19;94,9;96,1;83,17;22,7;13,14;33,4;100,18 | 51
66,6;47,12;78,13;93,2;53,1;26,18;11,10 | 82
37,4;87,19;28,9;10,7;71,8;21,2;97,10;57,12;43,11;58,1;38,11 | 47
99,11;36,11;16,12;14,9;42,6;70,10;81,1 | 54
11,15;12,12;93,9;27,19;91,2;26,15;59,12;50,16;47,10;76,7;26,16;79,15;51,14 | 86
77,15;45,10;59,14;58,10;37,10;56,19;55,20;48,2;19,5;12,7;30,17;68,6;27,18;72,6;48,4 | 89
60,7;25,1;17,4;48,1;19,15;52,3;77,2;57,4;94,19;45,16;48,16;26,4;22,17;91,9;75,5 | 73
15,1;76,15;90,19;45,12;68,18;72,14;18,17;47,5;15,6;39,20 | 55
72,14;11,14;45,4;58,5;67,4;22,10;43,2;36,2;56,3;91,14;47,13;20,13;70,4;35,15;16,4 | 38
39,7;69,14;86,16;84,10;70,3;15,5;85,11;99,1;90,11;46,12;62,13;77,10 | 25
43,17;48,17;52,15;97,5;15,6;14,6;78,15;71,7;75,16;49,18;70,2;97,6;83,11;13,8 | 34
20,7;60,16;56,17;18,11;19,2;40,18;18,3;84,12;72,17;54,4 | 88
52,10;89,3;34,12;82,7;12,8;63,19;15,17;23,11;55,14;17,12;16,20 | 58
70,14;78,18;69,18;83,17;73,10;49,19 | 90
48,5;100,8;95,5;32,1;30,13;89,17;88,11;52,17;47,11;69,20;54,16;33,9 | 73
29,16;14,9;10,7;39,3;85,15;94,19;99,3;41,3 | 59
87,8;19,1;83,20;60,5;18,12;95,15;62,8;49,17 | 37
94,19;28,4;67,12;81,14;38,3;44,20;10,9;90,6;90,6;84,19;67,16;15,10;95,8 | 25
57,3;96,10;58,14;71,19;28,8;91,1;58,19;46,18;69,5;65,19;29,9;82,5;11,5;53,19 | 47
89,7;56,15;48,13;22,16;45,18;99,10;15,5 | 58
38,6;34,9;72,11;32,8;43,8;44,10;93,2;12,6 | 77
99,12;69,12;23,9;91,7;90,18;45,13;30,1;24,3;100,4;66,5;32,17;50,12;19,13;23,10;48,16 | 55
34,10;55,2;46,19;21,18;72,9;39,16;75,7;94,7;23,4;15,19;86,10;54,1;70,16 | 46
40,1;66,11;74,19;90,20;97,15;63,9;90,16;96,13 | 52
70,8;12,15;54,7;90,20;12,19;12,8;44,9;33,11;69,12;75,16;33,4;48,2;98,12 | 93
13,5;13,2;39,20;40,9;79,19;90,18;99,16;12,20;23,16 | 65
59,20;54,7;79,16;25,5;56,1 | 79
21,4;66,17;31,19;28,8;30,19;50,15;40,14;24,11;99,6;98,14 | 62
26,17;71,3;40,2;74,2;40,12 | 22
83,7;85,5;28,3;79,7;35,2;98,12;75,1;15,19;96,7;41,18;83,16;45,8 | 52
67,15;39,13;66,8;33,3;51,12;58,18;34,1;46,12;24,16;22,14;57,10;30,17;61,17;90,14 | 89
47,15;13,13;12,12;75,9;88,8;53,2 | 24
10,3;48,13;69,15;17,20;87,11;13,18;67,5;99,7;37,13;68,16 | 86
87,17;34,5;24,1;59,5;96,8;55,19;93,16;27,17;80,4 | 51
82,12;45,7;33,10;22,12;52,7;66,1;46,4;38,3 | 43
16,8;50,1;92,17;18,17;34,1;22,9;51,18;22,14;80,12;93,8;87,9 | 100
46,17;96,8;26,7;67,20;87,3;60,18;48,3;43,16;63,13;39,20;64,17;53,17;94,13;77,15 | 33
95,14;62,1;96,1;56,12;28,15;45,13;17,10;21,17;89,6;80,2;53,12;29,1;83,15 | 74
76,15;49,19;97,1;33,18;62,2;49,6;22,1;97,10;31,18;26,19 | 41
39,11;79,14;47,11;11,18;67,3;28,10;98,3;21,17;34,9 | 71
84,2;89,13;28,20;26,1;18,10;37,14;98,20;73,2;17,9;82,6;100,19;13,18;53,17;56,5 | 68
40,17;44,10;92,4;24,20;82,14 | 97
50,4;51,13;18,6;93,19;72,20;98,5;45,5;79,12;32,14;71,13;59,5;29,13;59,13;25,17 | 46
61,10;24,5;87,17;50,7;49,13;70,20;32,20;62,4;83,8;25,18;45,19;21,8 | 90
99,17;59,16;40,15;35,3;97,6;63,6;58,6;100,12;71,2 | 71
69,1;10,5;63,4;49,12;77,16;79,9;21,13;97,7;61,9;91,17;78,6 | 73
99,11;31,2;81,20;12,3;68,2;69,2;90,20;100,18;97,13;95,15;68,20;37,13;32,10;32,6 | 63
19,17;56,20;58,3;31,6;87,8;78,11;69,2 | 63
52,10;28,2;67,17;85,15;84,16;81,15;30,14 | 72
56,14;77,19;36,20;91,9;50,5;57,13;72,9;73,17;24,9;75,17;24,8;87,6;54,15;62,8 | 65
53,7;26,11;73,9;84,8;82,17 | 27
82,11;100,7;83,3;70,16;41,5;70,20;98,4;99,5 | 49
48,10;55,8;11,15;100,17;85,19;87,17;30,17;78,5;76,20;53,11;35,15 | 78
43,2;89,19;40,1;77,13;33,20 | 57
31,4;86,2;64,5;71,13;89,12 | 28
21,20;19,13;33,11;26,1;65,20;19,10;13,2;96,17;30,1;69,5;18,17;33,3 | 88
57,1;50,4;98,4;47,16;64,16 | 88
80,5;64,17;36,20;62,2;54,8;61,17;30,1;60,6;85,12;24,4;39,4 | 59
75,6;27,8;38,11;91,20;50,1;86,9;73,12;52,3;14,3;46,3;42,14 | 83
18,19;50,10;90,16;27,10;61,13;94,19;16,14;50,17;71,11;75,5;68,2;79,6;45,7 | 93
37,8;88,15;79,1;99,6;71,3;57,20;30,17;41,5;43,6;42,6;50,4;11,7;91,11 | 100
14,16;26,17;12,13;51,19;85,2;33,13;51,2;42,13 | 92
54,1;90,19;44,13;27,3;70,17;34,5;18,17;86,3;90,4 | 81
19,13;78,14;62,4;50,6;50,7;76,7;39,8;36,2;27,18;84,2;70,16 | 54
89,19;38,1;92,11;68,16;22,13;84,12;60,11;29,18;22,17;48,13 | 58
33,9;14,8;25,17;52,8;14,12 | 43
11,17;91,2;77,6;18,20;50,3;33,11;18,13;60,3;26,20;69,14;26,5 | 50
13,12;38,8;48,7;13,20;39,3;86,20;15,8;66,7;29,7;42,7 | 43
24,11;94,1;26,14;19,2;39,8;41,19;96,5;97,4;30,3;36,16;47,17;57,7;85,1 | 89
27,14;68,20;68,19;74,18;34,8 | 62
18,1;71,13;28,18;32,5;100,7;48,7;99,2;97,14 | 54
39,16;86,13;28,16;16,10;86,20;56,1;36,19;99,20 | 87
15,1;45,13;64,19;39,7;53,13;23,2;94,8;89,18;16,14;22,14;60,6;78,14 | 92
18,13;85,12;74,1;83,8;73,13;25,17;46,1 | 62
60,13;76,14;73,6;50,7;11,13;59,12;91,12;61,16;72,8;86,15;28,8;72,9;13,19 | 49
30,12;48,1;57,5;42,17;30,3;89,6;11,6 | 25
69,16;64,4;90,14;90,6;30,12;29,14;81,14;69,19;16,4;22,10;72,15;44,6 | 84
51,2;96,8;27,12;86,9;17,3;87,12;74,2 | 48
19,4;63,3;57,2;38,12;40,4;36,1;35,14;14,14;96,7;64,19;70,7;45,14;18,12;99,2 | 32
69,16;74,10;40,20;29,12;67,6;68,19;24,5;22,14;95,3 | 64
84,7;10,12;21,15;79,7;34,1;55,17 | 37
45,15;28,13;25,11;73,15;57,18;43,4;14,18;57,9;75,7;75,15 | 55
90,19;50,1;58,2;78,20;12,2;61,1;24,11 | 34
97,11;69,19;59,17;40,7;41,11;37,18;37,19;60,9;63,14;22,3;73,8 | 30
80,12;31,13;20,3;45,20;77,17;23,10;46,6;11,8 | 53
99,16;92,1;24,3;32,17;61,15;83,16;31,3;53,5;40,18;59,18;66,13;61,9;32,15 | 84
58,19;41,13;19,8;18,13;31,10;75,7;19,20 | 34
10,18;60,6;23,11;38,3;79,1;26,18;50,9;25,14;93,8;28,17;90,20;77,17;100,13;78,18;28,20 | 27
33,6;29,5;79,15;21,18;63,5;75,13;43,5;32,1;48,7;61,2;37,15 | 30
91,5;20,18;94,9;14,11;76,20 | 42
10,12;74,2;11,17;52,7;71,11;72,6;88,1;95,19;85,3;50,11;33,19;71,8;19,17;31,13 | 86
62,10;14,13;71,11;74,19;37,15;19,5;97,3;23,6;54,9;100,19;90,7;72,3;20,6;82,1 | 43
47,5;69,20;10,4;43,13;54,15;63,12;16,19;58,4;20,9 | 78
40,9;86,11;45,2;61,13;21,13;32,11;12,12;49,1;94,4;70,2;15,9 | 29
41,5;79,9;65,6;87,18;68,4;79,17;91,9;37,16;24,12;94,13;78,6;82,10;49,2;92,8;82,15 | 52
83,20;14,6;26,14;99,17;66,20;17,20;100,12;32,8;78,17;93,19;46,8;18,14;55,6 | 85
87,3;27,7;89,2;79,18;81,2;87,20;30,20 | 86
97,19;53,12;14,17;76,18;25,11;12,1;13,11;16,3;88,11 | 37
100,13;17,17;81,2;70,17;15,11;97,7;60,5;48,1;74,15;33,11;83,19;83,8;100,20 | 78
69,4;51,5;26,9;49,15;78,9;43,7 | 54
52,17;37,1;12,9;29,5;83,18;73,2;18,15 | 70
93,4;64,8;58,11;47,8;93,14;58,4;47,18;99,11;21,9 | 70
83,17;100,2;43,7;85,17;30,16;53,15 | 70
42,13;90,9;29,5;76,18;85,11;37,12;28,9;43,5;92,10 | 70
25,18;21,15;91,4;65,7;87,8;80,17;15,18;61,5;57,7;75,12;37,8;28,2;27,13 | 40
11,6;17,15;61,5;49,2;14,11;45,5;31,5;59,15;61,5;97,10;32,13;88,7;100,18 | 56
52,18;86,20;47,15;48,17;21,4;93,10;31,9;94,9;81,13 | 26
57,7;92,7;84,12;12,20;34,12;16,14 | 53
65,13;84,2;92,20;52,17;76,12;46,10;89,16;93,11;75,16;96,13;87,5;92,19;74,15;10,17;48,20 | 47
22,4;67,17;80,2;72,12;77,10;31,5;100,18;31,9;14,11;44,4;64,3;70,10;92,2 | 82
97,9;58,3;23,6;33,8;44,4;94,10;44,4;53,18;86,15;50,13 | 85
82,1;53,18;21,14;56,10;60,13;31,9;51,8 | 63
36,3;75,1;39,3;71,10;87,1 | 61
82,8;91,9;92,10;58,7;23,1;37,3;79,18;32,13;45,15;73,17 | 60
36,19;33,13;15,17;84,4;41,12;78,16;44,11;68,1;28,1;66,2;86,1;93,19 | 45
38,20;31,13;68,1;31,10;82,13;78,12;86,20;64,12;87,13;38,8;19,20;72,13;41,17;42,9 | 30
19,13;92,14;50,19;66,12;71,14;14,12;84,6;96,1;55,10;80,18;90,10;92,8 | 52
25,14;69,13;88,15;93,17;55,20;69,12;11,15;70,1;49,7;81,2;85,14;42,4;29,20;65,2 | 89
54,2;99,10;39,12;39,17;90,11;98,19;79,2;20,11;65,3;17,17;71,13;84,8 | 73
14,1;26,2;37,5;50,2;94,15;57,8;75,15;78,9;33,15;23,10 | 29
73,6;36,14;76,11;53,11;19,11;33,8;78,1;22,17;48,14;78,5;74,18;95,11 | 65
31,8;50,1;33,4;24,14;43,4;35,6;58,12;43,6;54,10;79,12;71,4;94,11;95,19;11,16;54,10 | 47
94,17;83,18;14,11;20,13;64,10;79,13;39,17;55,9;25,15;18,11;24,5;24,9;39,2 | 76
92,11;66,20;96,10;23,11;25,19;16,20;13,4;91,5;56,8;40,7;21,4;45,1;35,12 | 97
46,9;20,15;56,18;74,4;31,11 | 71
29,15;42,8;33,2;89,17;73,13;100,13;25,9;54,11;17,10;21,16 | 61
71,17;72,19;98,18;100,1;92,6;95,5 | 91
66,12;39,20;97,12;87,12;100,20;51,5;21,1;56,18;76,18;88,2;72,4 | 27
16,17;30,11;45,3;67,14;64,9;37,7;100,10;16,13;31,5;78,7;10,10;23,17;75,14 | 90
93,14;57,3;45,18;63,14;87,15;83,13;53,14;24,1;65,9;18,5;91,4 | 24
100,6;30,1;78,2;94,12;65,16;27,17;99,10;49,8;54,4;92,14;99,15;42,9;49,9 | 63
90,9;63,2;74,12;88,15;96,8;72,8;90,16 | 58
70,13;67,18;38,10;35,2;75,3;48,3;54,2 | 40
27,20;79,8;23,5;41,17;80,19;64,18;16,14;68,9;23,9;48,3;74,8;15,16;91,3 | 46
20,7;35,7;42,13;41,10;89,14;97,15;15,9;99,20;89,13;100,16;17,20;99,16;89,2 | 97
66,2;66,3;98,14;52,12;55,11;57,17 | 75
73,11;63,6;63,17;15,6;34,13;93,16;58,9;38,7 | 98
72,8;43,4;30,3;54,4;24,11;17,16;35,3;46,17 | 21
21,18;52,7;90,15;47,1;63,17;98,9 | 35
61,8;42,2;17,1;11,10;35,20 | 33
36,8;31,11;87,9;98,4;47,3 | 89
81,7;42,4;48,11;97,11;30,10;19,15;35,8;42,1;29,17;32,4;27,20;57,9 | 67
86,2;81,17;99,15;25,13;82,10;92,11;35,6;50,14;21,15;19,12;67,12;73,9;80,12;85,15 | 82
16,9;24,10;26,17;65,18;13,15;50,7;79,8;29,13;55,12;81,9 | 100
49,8;80,14;28,12;54,7;51,8;72,13;37,19 | 42
20,18;50,17;89,7;58,16;51,9;67,10;55,7;44,15;99,10;41,19;11,12;43,10;14,9 | 65
56,20;88,9;59,1;100,10;23,19;53,9;31,15;22,17;99,4 | 87
42,1;10,4;85,8;60,14;25,6;83,10;54,3;76,8;65,19;11,19;74,17;86,9 | 65
66,17;15,6;49,20;24,2;42,19;19,5;68,4 | 87
74,5;44,18;14,7;31,7;35,14;29,13 | 78
41,2;71,14;44,20;86,14;50,3;19,9 | 33
56,18;67,19;76,5;47,14;62,10;57,14;100,12 | 60
18,2;75,14;67,6;97,9;65,9;32,19;62,12;69,16;82,1;58,6;67,16;87,10;20,10;29,12 | 38
66,3;42,5;10,13;74,20;73,5;49,1 | 85
51,10;88,20;47,15;94,7;73,11;31,15;30,4;71,16;10,2;59,10;43,18;82,10;18,14 | 36
96,7;77,3;72,2;28,5;80,2;37,6;99,3 | 74
45,20;29,2;58,11;57,17;88,18;65,5 | 100
69,20;44,10;62,16;88,9;37,1;66,11 | 57
42,13;57,13;38,13;74,8;44,3;100,5;84,9;33,8 | 44
89,12;27,20;64,17;84,16;70,1;12,13;18,16 | 80
12,2;36,6;97,19;19,9;81,12;92,19;32,3;25,15 | 100
20,10;49,18;57,13;99,6;96,5;23,16;16,2;80,3;96,12;31,16;58,17;67,14;90,5;63,9 | 90
22,4;75,8;70,16;86,18;75,12;46,1;55,14;53,5;83,5;88,20;63,7;34,7;17,8 | 77
47,13;80,19;49,1;98,12;22,10;83,3;42,14 | 96
94,20;59,18;18,1;52,9;42,19;81,11;90,5 | 84
92,20;33,8;30,1;21,13;55,20;29,2;47,20;37,16;31,19;40,8;88,1;42,1;34,6 | 23
44,8;68,14;27,7;80,13;21,14;27,19;42,11;57,1;84,14;90,17;60,20;48,13;59,4;51,19;73,11 | 47
70,20;38,17;68,15;29,7;66,14;17,3;12,7;27,5;55,15;26,2;39,3 | 53
17,4;69,13;55,11;82,6;14,18;72,13;17,8;14,4;63,14 | 62
76,10;39,20;82,4;71,4;89,20;30,15;42,10;36,1;68,5;24,3 | 85
69,8;79,1;79,12;55,18;71,16;19,8;30,18;100,20;25,18;55,6;58,5;65,10 | 31
46,19;64,7;34,11;23,20;31,14;40,12;66,6;69,18;15,17;41,8;73,4 | 74
55,14;60,4;44,15;40,1;23,10;66,18;35,11 | 26
54,1;68,2;58,2;11,15;68,16;16,3;73,20;78,1;35,5;73,17;65,12;96,5;11,11 | 85
51,12;66,9;76,18;52,3;85,12;68,10;32,3;65,1;10,7;80,5;82,18;64,11;26,18 | 35
99,16;52,3;48,15;11,1;89,20;57,1;35,4;76,16 | 97
67,2;18,14;62,5;68,16;69,20;95,7;38,2;49,7;74,16;59,5 | 74
16,14;47,9;77,18;14,2;47,2;20,9;23,19;80,4;91,17;76,7;43,5;80,6 | 20
59,10;98,3;23,17;82,7;92,14 | 27
65,20;93,12;38,7;15,1;41,10;26,9;31,8;73,12;12,1;32,5 | 97
29,19;80,19;19,7;100,4;87,18;55,14;24,17;44,4;60,4;33,17;89,17;87,14;34,9;79,10 | 43
69,3;64,14;12,16;94,8;31,17;79,20;76,3;12,8;63,20;80,6;91,14;14,20 | 77
79,1;30,5;93,14;43,4;75,1;36,1 | 58
60,9;33,19;78,16;38,7;17,17;68,19;79,15;88,6;87,18 | 94
98,15;100,7;44,18;91,13;34,1;59,18;13,1;17,5;44,18;37,8;64,9;22,5;43,4 | 36
45,5;49,3;36,6;24,6;61,4;42,10;36,6;54,7;71,2;16,6;97,10;24,17;15,10;99,1;27,16 | 97
16,9;41,19;57,16;81,19;23,19;71,10;66,16;61,19;75,17;74,11;77,20;69,11 | 89
58,3;54,7;68,1;68,3;31,15;93,9;87,12;10,9;57,9 | 66
44,6;63,5;67,5;96,10;28,5 | 65
25,8;93,8;40,3;74,9;46,14;13,18;49,15;63,8;39,19;24,20;26,19;58,17;81,20 | 25
22,5;58,12;56,11;32,2;72,10;56,12;52,20;16,3;27,13;86,5;45,9;36,6;58,11 | 71
94,20;27,13;14,14;51,9;44,8;17,4;78,1 | 30
66,6;73,11;52,10;67,19;76,5;67,9;72,6;19,17;81,1;39,19;95,14;70,18 | 49
64,15;56,12;97,2;31,2;98,18;59,10;90,1;39,11;46,20;61,7;93,12;38,1;59,12;43,6;25,8 | 66
53,7;23,6;25,6;61,9;61,2 | 27
12,15;26,11;61,8;47,18;90,17;32,14;17,7 | 96
79,19;72,14;30,5;16,2;46,9;84,11;50,17;76,3 | 51
76,17;89,9;100,12;70,5;11,15;57,6;77,5;78,14 | 77
22,12;92,16;39,5;38,9;21,19;96,16;36,1;80,13;14,3;78,7;30,12;51,6;55,7;40,13 | 46
57,14;91,4;30,20;55,2;88,19;98,12;11,10;65,19;82,9;40,16;86,6;75,15;32,15 | 33
53,16;93,16;56,17;71,12;73,8;96,1;50,18;49,16;98,1;38,3;53,14;14,13;90,6;51,15 | 23
79,7;60,8;64,16;92,3;40,11;92,12 | 85
58,20;84,2;24,13;63,4;24,20;12,6;96,11;56,10;97,12;12,19 | 82
66,3;38,13;76,15;24,15;27,1;64,19;50,5;34,19;38,3;71,19;65,14 | 82
59,20;77,14;26,5;78,15;76,13;20,3 | 76
32,17;22,11;49,14;79,12;14,2;12,4;86,4;95,6;34,13;94,3;49,14;25,13;64,14 | 45
96,14;61,9;19,9;51,10;17,11;65,17 | 82
24,8;79,6;15,14;66,12;50,7;68,18;71,11;56,1 | 65
36,19;85,12;12,12;62,10;30,2;16,3 | 44
78,2;71,6;45,5;74,12;65,9;57,10;48,8;40,6;84,16;37,19;17,18;98,7 | 35
50,10;52,8;34,20;94,16;81,3 | 70
38,16;14,6;83,19;53,4;92,7;31,19 | 75
26,15;23,9;97,5;15,2;45,2;68,11 | 84
37,3;67,8;43,6;18,14;21,20;61,11;33,8;68,3;21,11;72,18;91,14;22,1 | 36
81,2;72,7;40,5;60,2;32,5;89,14;68,6;79,11;19,17;13,12;86,5;68,20;45,14;79,16;59,15 | 84
97,11;26,7;11,9;80,2;100,3;40,6;20,12;27,6;54,15 | 33
67,2;80,16;75,5;57,10;97,10;39,11 | 75
67,12;90,14;93,14;16,11;33,14;20,11;16,13;50,5;90,12;44,2;46,11 | 45
55,10;93,3;92,9;80,20;69,4;27,19;15,8;12,12;70,4;83,1;14,16;99,4 | 93
55,15;38,17;53,18;33,9;65,12;24,5 | 75
24,7;22,12;92,12;45,18;55,7;26,19;37,10;69,10;18,9 | 88
15,18;26,11;70,5;47,20;22,3;32,15;64,17;78,5;54,9;77,14;30,10;61,18;37,7;17,9 | 67
92,6;48,4;38,9;89,3;80,15;74,17;72,18;42,13;46,12;44,20;25,15 | 93
59,2;72,18;42,17;25,15;28,13 | 40
21,7;57,15;15,20;59,15;24,7;97,5;76,9;25,19;80,19 | 24
17,15;30,4;57,18;28,5;13,6;46,3;17,10;11,15;74,18;78,5;63,20;72,6;88,16 | 78
27,16;96,10;47,8;57,2;76,14 | 95
33,12;15,6;94,5;89,15;32,8;78,6;67,12;28,12 | 100
71,7;13,6;59,19;93,7;83,4;94,18;74,2;58,11;43,4;83,10;18,5;19,20;71,2;67,7;37,15 | 75
80,19;78,1;78,2;96,17;31,12;42,2;30,10;64,18 | 90
56,1;20,19;13,6;61,18;44,6;41,13;21,10;55,5;75,14;24,15;95,4 | 97
55,9;54,4;58,12;90,17;28,14;59,2;40,20;35,15;90,15;54,20;69,15;18,18 | 40
83,16;38,10;37,6;88,12;65,10;60,12;56,6;21,20;100,7;42,2;56,4;22,15;68,17;87,16;70,12 | 61
28,12;47,8;61,18;58,3;82,19;54,11;59,16;42,17;35,18 | 75
68,8;70,5;14,9;91,10;84,3 | 81
60,6;65,5;25,13;41,15;69,19 | 33
19,15;85,19;94,13;44,11;36,2;57,12;77,9;43,10 | 76
81,15;35,14;99,13;32,1;71,10;98,1 | 66
26,16;37,1;14,20;59,9;20,2;36,1;83,7;82,7;19,18;94,19;48,11;33,18;68,15;28,16 | 77
19,12;18,7;47,17;40,4;65,14;74,9;44,12;59,20;88,19;24,18;21,15;58,11;97,9;77,9;91,19 | 35
56,18;96,18;72,19;83,5;70,12;99,10;94,6;24,9;30,9;95,17;16,6;62,19;73,8;38,8;76,3 | 46
85,10;51,12;61,9;11,7;64,20;19,9;42,10;48,13;63,11;99,7;25,18;30,9;87,5;39,5;31,16 | 48
86,1;94,1;66,17;14,5;97,4;87,18 | 39
20,17;20,3;35,20;89,3;21,10;37,7;34,9;37,10;21,9;64,12;64,12;25,7;28,17;46,20;13,6 | 60
72,4;42,14;79,16;54,16;55,9;49,15;85,17;91,13;77,15 | 93
38,5;67,3;61,7;39,12;94,13;75,2 | 29
55,18;27,17;52,17;66,8;84,5 | 80
78,10;86,1;64,20;75,8;16,6;87,4;43,14;75,8;80,9;51,7;44,9;87,13 | 42
65,4;74,18;30,1;71,12;13,16;23,18;27,9;51,10;91,1;49,7;60,1;83,12;48,4 | 80
64,9;33,17;65,1;74,13;90,2;75,3;19,8;20,15;94,7 | 21
10,10;12,10;81,9;80,5;82,13;65,13;51,4;83,11;49,15;28,1;74,6 | 33
77,6;52,18;42,3;89,8;12,3;91,1;34,5;20,6;98,4;80,9;48,17;52,17;94,15;99,6 | 28
86,5;19,18;14,9;11,14;96,16;86,20;79,5;31,16;78,5;34,8;38,10;79,13;59,6;80,11 | 66
76,11;79,10;41,7;59,11;91,15;60,7;18,1;84,15;32,6;59,20;12,20 | 72
81,8;95,13;76,7;55,19;84,7;47,2;23,20;85,16;39,16;62,19;49,8 | 43
21,17;21,17;29,3;99,6;85,7;70,19;82,17;23,17;74,6;38,11;74,20 | 98
62,2;26,4;60,13;44,6;14,9;78,14;29,18;64,11;56,13;13,18;53,9;47,11;43,9 | 62
28,1;87,10;47,5;33,13;26,15;22,4;25,18;38,11;50,5;14,12;63,20;22,8;35,1;20,18 | 23
88,11;97,10;30,17;93,3;84,11;89,11;30,9;35,5;47,19;46,9;53,7 | 88
16,10;100,19;28,2;51,10;43,12;27,19;94,5;63,18;82,6;71,11 | 59
78,15;27,18;92,15;31,9;14,3;89,10 | 23
20,6;62,6;85,4;75,20;46,15;68,15;87,5;16,20;62,8;45,4;17,20;32,9;87,18;99,10;62,14 | 91
58,16;53,12;82,4;57,18;82,5;55,13 | 28
49,17;30,16;25,12;16,8;54,20;38,3;69,15;89,18 | 62
17,11;92,2;62,11;18,17;46,14;49,12;44,4;49,12;97,2;73,13;35,2;58,6 | 56
91,17;45,6;82,9;21,13;54,17;95,3;97,16;85,16;66,1;27,7;96,3;89,20 | 73
91,14;52,10;25,3;90,4;32,2;98,15;65,1;58,9;80,7;58,3;74,9;88,10;91,7;59,20 | 49
67,9;30,5;76,4;78,7;19,12;67,17;52,13;69,12;10,11;90,20;39,3;53,20;16,3;64,8 | 52
84,7;64,9;28,1;62,11;28,9;78,1;12,2;90,4;60,6 | 92
55,16;86,11;29,2;97,10;91,16;77,7 | 63
61,16;36,5;82,20;67,14;76,7;78,12;44,9;68,14;21,19;65,1;80,5;18,1;19,13;37,14 | 20
52,17;12,16;94,4;59,7;22,14;88,4;91,11;85,16;23,20;40,2 | 80
13,6;89,1;52,1;70,10;28,9;72,19;30,17;28,6;49,4;35,20;63,8;83,8;24,2;58,15 | 93
87,20;75,11;68,11;31,14;84,4;54,13;45,20;50,19;25,1;99,8;78,18 | 99
36,7;50,12;69,4;40,16;100,3;78,1 | 73
92,13;33,12;33,3;22,6;36,7;75,20;93,10;45,13 | 67
41,13;32,18;81,10;19,16;34,14;65,8;65,3;73,11;82,13;92,17;41,8;81,3 | 99
38,9;46,9;80,2;40,12;23,19;13,4 | 80
70,19;45,11;10,16;34,17;86,14;70,3;17,9 | 35
60,15;74,15;93,15;28,18;21,5;92,7;61,9;78,16;14,15 | 76
38,16;57,10;18,18;19,3;24,9;75,3;45,1;17,17;17,16;43,6;44,9;59,13;43,2 | 100
29,12;73,15;13,7;16,12;95,7;82,4;91,15;82,13;13,4;94,18;37,6;72,19;12,19;29,18 | 97
97,5;26,6;44,16;49,2;16,8 | 68
66,10;28,7;100,5;74,12;93,17;100,20;61,11;58,5;99,4;31,16;19,9;50,11;82,11;80,5 | 50
46,14;52,10;46,3;34,9;80,15 | 41
17,2;88,9;23,15;85,14;60,15;78,3;65,20 | 70
24,20;23,20;74,7;95,10;37,5;29,14;98,15;60,16;73,7;22,9 | 48
21,13;72,10;12,3;44,19;52,9;69,11;51,9;69,20;93,14;93,19;97,17;27,9;45,1;50,17 | 77
72,11;79,18;46,12;43,6;29,12;23,17;84,17;52,3;38,9;97,18;11,11 | 68
96,8;24,9;49,5;63,8;77,16;86,3;76,7;19,16;33,16;21,3;45,11;53,12;77,10;21,19;87,1 | 24
47,2;90,15;41,14;12,12;73,6;30,7;22,8;28,13;16,20;89,4;31,6;40,15;79,12;72,17 | 21
77,15;45,11;24,9;85,5;66,14;75,3;30,19;38,9;52,18;34,18;82,12 | 86
82,9;63,7;12,12;22,2;21,2;66,9;90,18;54,20;20,9;56,9;58,12 | 85
73,3;29,17;97,5;35,3;93,20;57,4;98,5;37,12;32,4 | 20
77,2;38,14;28,2;34,10;39,14;59,7 | 63
16,11;85,14;44,12;67,10;69,18;32,5 | 51
60,20;86,1;85,3;25,16;49,10;55,17;92,5;53,4;51,1;61,1;21,13;19,14 | 57
36,18;81,11;45,1;97,16;87,6;51,16;19,13;94,17;77,18;88,15;10,5;71,12 | 42
52,19;26,20;34,17;53,13;28,19;85,8;99,8;52,9 | 74
16,12;58,6;41,19;100,5;32,9 | 88
25,9;56,13;31,6;13,19;99,15;31,18;89,5;75,18;21,9;33,3;97,1 | 68
58,1;84,15;99,11;24,5;19,6;41,17 | 72
51,18;16,17;17,11;93,19;43,12 | 45
99,13;56,16;50,7;58,17;63,15;94,15;98,2;62,9;21,10;87,12 | 24
51,18;92,3;95,20;31,19;76,7;14,5;94,12;80,7;97,1 | 31
78,4;96,12;86,4;75,17;100,13;62,4;72,13;54,3;91,14;46,13;68,3;48,15;69,5;97,7 | 83
75,2;73,12;77,4;67,17;51,3 | 37
67,20;84,2;37,10;91,13;72,15;97,9;76,13;83,5;10,15;88,17;58,8;50,2;31,4 | 84
57,9;96,2;47,2;87,18;13,15;100,1;61,16;97,14;32,18;34,16;64,18;29,8;26,1;89,15;83,3 | 31
94,5;80,15;70,6;93,5;86,16;94,2;58,6;98,1;23,13;31,6;80,13 | 37
91,20;57,13;88,2;73,19;22,10;67,2;95,1;92,15;51,12;95,2;43,20 | 36
77,16;34,8;29,6;52,3;20,20;47,17;65,3;13,13;13,5;75,19;48,17;97,3 | 45
54,10;10,15;19,9;35,11;40,2 | 88
33,18;45,3;97,13;35,10;30,9;12,15;93,19 | 92
78,18;53,6;21,18;23,11;26,5;50,6;87,4;83,7;94,15;73,4;31,10;64,16;23,17;33,11;32,5 | 93
81,3;28,6;77,14;41,3;53,5;81,7;79,6;15,6;82,16;51,11;15,9;36,12 | 34
12,2;20,19;42,20;69,15;50,3;58,19;86,7;40,18;53,10;23,16;17,15;90,20;51,12;49,17;91,9 | 85
100,20;28,16;100,20;41,2;93,14;77,6 | 52
51,2;18,8;78,14;19,2;60,8;47,16;21,12;14,6;76,7;88,16 | 91
40,7;83,4;29,9;28,15;16,14;87,1;69,18;20,5;38,14;63,5;66,13;67,15;60,1;66,1;51,18 | 91
86,4;81,5;24,1;50,2;23,11;73,8;81,13;90,18 | 45
60,6;30,19;61,10;98,16;84,13;69,4;92,15 | 26
35,9;83,15;61,8;84,11;32,6;89,16;65,5;76,12;43,19;44,13;81,11;10,18;27,14 | 22
59,5;27,19;55,7;54,4;49,1;54,19;20,3 | 95
57,14;100,5;27,14;55,13;96,7;85,6;88,13;64,9;57,20;62,19;97,1;67,4;61,14;69,17;41,5 | 37
88,5;29,14;95,18;34,20;53,17;58,14;93,1;96,18 | 87
82,9;81,17;77,17;61,10;27,20;74,3 | 67
80,16;28,5;56,7;96,13;88,4;69,18;48,14;52,6 | 83
43,3;36,12;50,14;20,18;37,15 | 99
78,12;41,18;56,5;46,8;86,2;59,1;29,3;35,12;91,11;29,2;32,3;42,5;85,1;20,19 | 88
32,7;84,18;63,8;22,19;33,4;65,4;35,1;91,17;55,17;17,5;51,3;88,18 | 22
97,15;75,16;84,7;93,20;58,4;69,3;75,5;77,20;93,4;91,19;20,17;92,20 | 90
59,18;12,10;73,19;83,7;52,9;85,2;13,10;80,6;70,4;22,11;90,15 | 22
50,6;34,10;66,1;80,6;35,3;36,20;13,6;37,17;100,7;74,12;26,9;62,5;47,1;33,15 | 70
77,7;73,9;54,3;38,14;35,19;27,20;75,4;48,6;48,14;72,16;43,15;70,6;52,1;64,7 | 39
75,2;19,18;92,15;96,2;43,20;68,9;61,19 | 58
98,10;67,6;99,9;28,6;59,2;30,11;96,10;88,3 | 66
79,18;60,1;81,12;25,17;74,3;40,18;67,6;56,2;57,7;74,14;70,19;54,19 | 26
66,12;100,19;62,18;55,13;87,13;60,2;55,1;66,19;51,15;63,6;69,13;59,5;84,5;25,7 | 34
50,17;38,20;43,6;43,15;73,11 | 83
63,3;66,8;63,19;40,4;38,7;84,1;97,14;60,19;47,20;60,17;68,12;68,18;64,17 | 40
46,13;17,6;62,15;58,6;88,3;84,20 | 20
69,19;65,4;99,20;28,19;16,16;23,10;20,7;24,10;42,2;70,10;47,6;53,5;59,16;33,20;38,10 | 89
97,20;85,19;75,18;29,16;75,16;48,4;90,2 | 56
23,6;13,9;60,10;37,15;20,10;27,9;42,6;23,10 | 86
59,7;24,19;69,20;83,7;62,5;92,20;53,14;23,6;74,7;69,9;55,19;32,9;82,7;96,14 | 85
24,7;47,6;70,7;81,12;26,18;54,2 | 92
69,6;26,12;42,15;99,12;37,10;69,17;85,6;37,2;76,5;95,19;61,6;66,13;58,18 | 78
88,6;60,9;45,14;68,18;39,9;71,9;28,3;44,3;43,19;79,3;30,4;12,20;95,16;14,12;12,13 | 99
40,1;27,3;93,4;14,14;95,16;66,4;92,6;64,16;100,9;21,11 | 33
35,16;49,3;91,11;49,10;80,19;69,12;13,1;92,14;59,17 | 39
93,13;77,9;85,6;42,18;58,17;12,3;52,8;79,9;72,6;45,5 | 65
37,11;15,12;100,12;31,15;75,16;14,12 | 42
75,16;69,11;62,1;20,5;43,16;20,5;61,5;68,1;14,20;99,10 | 86
31,6;59,11;23,11;64,10;35,13 | 48
58,4;69,14;60,12;87,13;56,5 | 73
51,16;69,1;65,9;27,15;73,6;51,18 | 36
35,10;36,6;53,13;36,13;57,12;47,9;46,8;48,13 | 27
41,3;72,2;12,13;24,2;30,5 | 31
37,4;94,20;19,17;70,19;89,12;31,9 | 97
87,14;15,4;10,13;42,16;95,13;70,10;95,14 | 85
67,14;28,6;17,20;69,11;87,8;97,14;55,12;68,4;63,8;17,8;54,12;75,2;10,10 | 93
90,18;29,8;86,10;75,8;71,7;76,3;84,15;59,14;20,16;67,19 | 36
83,9;21,4;74,9;91,3;67,10 | 70
13,16;74,18;80,7;46,12;21,5 | 59
51,17;90,17;23,7;76,13;73,7;19,18;41,16 | 55
63,6;77,17;52,11;64,19;38,17;39,4 | 47
34,16;52,13;68,12;41,20;33,15;12,16;25,20;54,5;34,5;59,3;33,3;42,7 | 100
65,5;67,12;24,4;14,8;88,16;49,19;59,6;60,7;35,7;50,3;73,14;78,20;73,10;77,9 | 70
45,18;23,12;14,7;91,13;100,13;15,10;91,6;41,20 | 59
97,9;96,11;11,1;72,12;21,8;31,11 | 50
96,6;31,11;85,18;86,7;52,1;22,5;78,2;34,14;46,5;48,18;94,17;60,2;86,7;60,7 | 42
17,5;20,13;82,12;38,2;53,11;84,16;93,9;91,3;100,8;28,4;94,17;73,19;88,18 | 88
34,16;54,16;16,3;60,14;20,10;88,19;52,7;91,12;50,19;87,16 | 77
40,3;24,15;30,11;55,14;14,7;52,18;16,20;86,14;60,17;14,5;64,8;94,11 | 89
67,14;93,3;12,11;88,13;76,3;66,9;39,11;67,5;66,1;44,14 | 89
18,18;57,5;62,3;59,16;86,14;24,5 | 57
35,4;80,9;74,16;45,3;88,17;88,10;35,19;91,10;53,18;37,16 | 34
70,9;31,10;34,11;25,12;39,9;82,4;69,12;56,8;95,11;96,13 | 57
82,4;54,6;11,6;26,18;52,11;24,12;68,12;75,2;55,12;48,8;61,1;42,20;32,14;24,9 | 24
78,5;98,12;67,4;10,5;90,1;21,11;16,10;93,14;93,14;61,10;69,15;58,1 | 63
23,6;39,1;54,19;35,15;55,7;92,13;62,14;27,18;53,3 | 52
90,11;87,20;80,16;65,14;36,17 | 81
11,12;13,15;92,6;10,19;47,15 | 78
33,2;92,17;55,12;52,17;68,20 | 21
96,12;38,7;20,2;34,6;13,4;15,17 | 25
63,17;47,1;44,14;70,10;35,15;27,4;70,15;83,1 | 80
10,4;63,2;35,2;44,13;21,6;24,8;24,2;95,16;36,13;83,15;86,3 | 97
12,3;84,10;13,14;90,6;71,10;46,12;69,13;62,14 | 52
53,11;92,7;96,11;28,13;19,15;25,20;65,5;72,5 | 53
76,9;74,20;24,15;30,16;98,18;51,7;81,10;13,13;91,2;50,15;42,3;68,9 | 83
18,14;14,16;72,3;86,15;33,10;77,10;15,1;27,20;30,7;74,9;34,7 | 55
75,9;35,9;18,20;19,14;33,1;37,18 | 31
39,12;27,16;62,18;47,6;66,2;89,2;24,2;29,2;52,8;49,2;90,19;13,10 | 57
54,19;75,17;87,17;20,2;16,13;10,19 | 99
87,5;14,10;76,7;58,10;42,8;54,10;55,16;37,11;31,9;79,7;15,1;75,16;25,4;68,5;86,10 | 39
33,13;76,11;14,4;48,20;98,8;99,5;43,4;87,17;91,6;45,7;66,1;90,10;66,10;22,2 | 25
17,7;74,3;89,13;65,3;82,16;95,6;32,3;84,11;29,15;56,8;100,19;58,15;33,11 | 36
16,6;70,15;31,18;74,5;70,2;49,19;24,15;42,7;21,19;26,2;23,19 | 92
99,11;51,19;52,12;17,5;74,5 | 48
47,14;42,2;10,3;25,16;30,12;73,2;44,1;63,8;78,17 | 60
38,9;51,6;87,2;26,4;57,4;71,6;76,13;27,17;62,3;43,17;92,13;100,11 | 88
79,12;33,8;71,19;65,17;86,17;43,6;38,15;42,8;28,8;68,7;89,19;65,18;31,19;66,5 | 47
86,4;37,18;30,5;25,6;19,17;13,17;33,8;50,17;35,16;83,15;73,3;20,1;37,19;59,12 | 53
66,12;48,15;68,7;17,3;20,8;58,19;56,16;78,16;75,18;76,19;68,9;74,3;13,7;56,10 | 68
90,13;51,11;59,6;12,8;42,17;42,20;82,13 | 63
73,12;40,13;48,12;33,9;71,1;93,12;51,8;89,1;23,6;41,8 | 81
34,20;51,17;78,11;21,2;95,12;41,10;58,9;81,16;90,9;42,4;96,5 | 78
74,4;47,20;51,8;21,6;95,17 | 76
15,8;39,5;51,16;95,8;65,8;32,7;35,1;20,6 | 83
25,11;84,6;41,15;85,6;84,20;32,13;65,10;81,6;14,14;77,17;59,13;38,20;64,10 | 26
66,16;77,5;29,8;35,3;67,8 | 61
88,3;99,4;58,14;74,14;85,3 | 37
64,10;100,7;72,17;43,6;10,20;50,17;58,6;59,16;84,18;33,1;72,18 | 59
31,16;81,12;98,10;18,10;78,1;12,13;82,5;53,5;67,6;62,6;87,20;59,8;42,7 | 45
38,8;85,16;36,17;85,12;71,9;45,3;38,2;56,13;33,9 | 31
14,15;91,16;48,19;13,19;93,10;29,6;37,8;41,11;96,11;85,15 | 66
49,19;66,4;57,11;99,16;72,5;37,10;22,17 | 31
44,13;57,16;100,12;53,9;36,15;42,14;33,16;78,7;58,5;25,5 | 68
74,1;41,18;52,6;67,5;54,10;80,7;80,10;57,20;97,8 | 51
59,2;65,16;46,8;58,19;33,16;57,14 | 86
11,18;49,18;53,15;69,10;62,19;63,19;13,3 | 82
68,3;100,13;11,1;19,4;18,17;50,7;88,5;33,8;78,7 | 24
39,2;84,16;87,16;46,15;90,19;23,10;28,16;93,2;45,1;65,1;14,2;66,5;23,14;47,17;50,10 | 92
42,14;66,6;78,14;68,1;24,18;61,1;49,18;52,1;29,7;43,18;98,15;27,16;15,10 | 98
95,10;19,11;82,12;83,3;19,2;26,5;74,7;82,15;41,17;93,1 | 56
19,13;97,7;62,7;96,14;18,4;54,2 | 51
54,2;98,1;49,20;88,5;76,16;67,13;29,16;90,3;82,11;47,14;63,7;51,4;71,6;90,8;16,7 | 32
50,12;44,13;61,15;18,6;84,5 | 80
80,13;35,16;99,5;61,7;47,5;51,8;92,14;92,16 | 43
51,19;27,12;17,16;66,16;92,1;41,9;70,10;36,5;92,10;93,16;49,1;30,5;56,14;34,20;99,14 | 41
98,18;26,18;41,20;11,15;65,12;42,2;43,20;28,1;88,17;99,3;53,18 | 36
46,20;32,8;67,15;13,7;95,8 | 98
83,12;44,20;85,8;70,12;70,14;70,4;24,6;21,4 | 95
11,2;48,18;12,10;69,1;43,19 | 71
24,6;31,17;54,19;89,2;100,6;27,17;97,15;16,8;62,8;55,10;61,2;86,8 | 46
94,9;75,19;44,20;83,17;58,18 | 68
53,16;93,12;69,19;80,20;87,4;34,17;15,4;14,16;34,14;82,3;72,4;13,18;58,10;10,10 | 73
10,7;89,13;46,18;48,2;24,3;88,13;11,1;79,1 | 23
86,19;85,20;86,4;96,7;74,14;10,2;61,5;98,15 | 53
86,15;37,16;13,14;86,17;60,2;81,20;68,3;86,10;10,19;75,19;38,9;17,10;78,20;81,14 | 61
93,15;14,10;67,2;78,12;66,18;34,17;27,1;27,17;66,13 | 88
58,17;51,3;94,15;51,5;36,12;13,18;96,20 | 50
12,8;85,3;59,17;15,8;85,2;27,13;59,19 | 25
74,2;16,2;82,2;70,9;38,19;70,16;36,10;71,12;28,9 | 41
50,17;16,19;72,17;97,13;78,12;95,20;12,16;57,11;78,16;15,12;19,9;65,2 | 90
64,14;24,10;59,2;96,9;20,18;53,1;67,16 | 62
23,1;22,20;73,9;33,4;51,14;48,17;30,19;22,7;78,20;43,17;81,15;79,15 | 46
69,4;95,9;70,2;86,4;11,7;12,4;45,12;93,5;34,20;58,1;80,13 | 52
24,4;53,10;81,19;10,18;43,19;77,8;31,7;50,12;37,14;47,7;52,9 | 68
73,16;47,15;60,19;96,3;53,15 | 47
51,14;73,3;77,15;28,20;54,5;82,2;96,5;89,13;36,16 | 54
29,8;20,3;97,5;86,14;60,10;26,18;49,1;98,5;25,15;28,5;11,15;51,20;98,14;24,4;24,17 | 31
20,11;50,3;42,10;35,16;41,18;55,1 | 21
62,14;65,7;49,2;62,2;64,20 | 35
49,15;44,12;34,1;36,10;14,16;80,8;14,4;71,13;78,1;89,8;77,14;99,10 | 70
12,16;30,20;63,18;17,9;54,9;72,9;28,19 | 41
96,1;83,4;30,7;92,19;35,10;72,8;69,1 | 39
83,19;44,19;52,8;24,18;16,2;50,15;15,20;21,3;89,11;16,9;12,9 | 46
11,5;11,4;74,18;40,2;68,16;39,7;100,5;46,5;35,11;35,11;33,14;83,7;24,18;37,4 | 41
61,15;67,19;18,20;48,8;80,12;27,18;78,6;79,1;61,11;40,18;95,13 | 39
50,18;48,9;80,14;29,11;28,19;56,6;92,2;19,13;25,9;97,17;99,4 | 73
52,14;67,6;22,4;87,19;79,6 | 53
96,17;35,11;91,5;57,2;44,11;25,11;28,12;10,15;83,7;24,9;89,5 | 98
32,9;24,6;51,17;62,6;96,2;38,2 | 100
95,6;69,20;75,7;30,13;22,18;19,7;23,9;49,1;45,14;91,11;83,4;13,15;92,5 | 96
79,9;34,14;71,10;17,5;11,15 | 70
92,15;87,8;78,18;55,11;14,14;40,19;79,15;88,3;79,9 | 82
51,17;45,11;13,18;48,3;70,18;63,12;67,12;90,5;22,1;90,3;33,2;32,5 | 47
66,6;20,12;13,5;86,7;70,20 | 43
54,10;24,10;29,4;39,10;96,6;62,1;45,7 | 43
91,14;82,9;19,20;91,15;47,12;45,4;82,7 | 94
47,8;10,10;31,12;69,12;62,20;68,6;18,10;36,14;10,20;84,20 | 100
26,14;93,10;98,8;43,2;40,1 | 84
21,19;64,4;64,3;84,2;82,9;45,2;76,6;46,11;75,6;33,1;93,18 | 23
33,13;67,13;68,11;79,13;25,10;63,8;17,20;71,4;26,10;92,1;46,9 | 62
53,14;30,4;38,20;26,11;69,5;71,10 | 38
95,2;80,18;77,1;31,14;57,14;99,10;98,4 | 97
100,8;94,20;62,2;67,18;11,6;24,15;85,16;26,4;25,20;13,16 | 86
51,8;94,3;77,16;31,8;11,6 | 79
72,6;95,11;54,17;47,17;53,4;66,17;37,2;15,8;99,6;25,15;46,11;47,3;93,5 | 44
37,6;73,12;57,11;26,2;73,14;59,5;58,19;54,14;93,16 | 83
66,20;62,7;33,4;15,7;36,4;91,18;61,7;36,11;21,14;60,9;51,12;74,11;22,2 | 97
11,3;37,9;73,17;25,11;85,3;67,7;45,2 | 23
13,15;100,3;47,15;13,1;80,6;54,17;97,6;55,4;75,11;50,2;29,10;82,6;41,12;91,10 | 41
